# Camera list with one line of data per camera:
#   CAMERA_ID, MODEL, WIDTH, HEIGHT, PARAMS[]
# Number of cameras: 185
1 PINHOLE 648 420 480.32057382370482 482.12510899625039 324 210
2 PINHOLE 648 420 480.67367149182331 482.75570005436361 324 210
3 PINHOLE 648 420 480.73051293533626 482.69807860519234 324 210
4 PINHOLE 648 420 480.41233574139733 482.17273414660804 324 210
5 PINHOLE 648 420 480.30894260537644 482.34252035339318 324 210
6 PINHOLE 648 420 480.39412072631444 482.2129550438674 324 210
7 PINHOLE 648 420 480.02506577798835 481.5035900623098 324 210
8 PINHOLE 648 420 480.92824412204101 483.15000882650526 324 210
9 PINHOLE 648 420 481.01663932640906 483.11652982234148 324 210
10 PINHOLE 648 420 480.32862427708193 481.09335166163243 324 210
11 PINHOLE 648 420 480.89029090135062 481.47578347972785 324 210
12 PINHOLE 648 420 480.72362790093553 482.03301483609158 324 210
13 PINHOLE 648 420 480.85136253238124 482.26265113325678 324 210
14 PINHOLE 648 420 480.40258693921345 481.82500225296604 324 210
15 PINHOLE 648 420 480.12304470562606 482.00334213874095 324 210
16 PINHOLE 648 420 480.68209396224381 482.13928643475339 324 210
17 PINHOLE 648 420 480.69847153654996 482.22182282796143 324 210
18 PINHOLE 648 420 481.05689169062401 482.92980858520451 324 210
19 PINHOLE 648 420 479.99462171126265 481.66313174425022 324 210
20 PINHOLE 648 420 480.39200321227008 481.88685014002539 324 210
21 PINHOLE 648 420 480.61652532441764 482.57804882535584 324 210
22 PINHOLE 648 420 480.66641184249232 482.91824405544389 324 210
23 PINHOLE 648 420 480.19895827715612 482.3504166327379 324 210
24 PINHOLE 648 420 480.69626459133497 483.272594557037 324 210
25 PINHOLE 648 420 481.15965648591981 484.08404366171936 324 210
26 PINHOLE 648 420 481.00528743517629 483.68025560419443 324 210
27 PINHOLE 648 420 480.80516468401248 482.8107633171719 324 210
28 PINHOLE 648 420 480.27651747498402 482.29147405178742 324 210
29 PINHOLE 648 420 480.84733212140344 483.07671800427789 324 210
30 PINHOLE 648 420 480.363650830425 482.91691084086966 324 210
31 PINHOLE 648 420 480.09842683618359 482.25364644610545 324 210
32 PINHOLE 648 420 480.12676192510156 482.7017453042215 324 210
33 PINHOLE 648 420 480.61665990339384 483.14733673072612 324 210
34 PINHOLE 648 420 480.47318351001877 482.68506184902509 324 210
35 PINHOLE 648 420 480.31735967232538 482.33086645165542 324 210
36 PINHOLE 648 420 480.22895917153858 481.84581051925107 324 210
37 PINHOLE 648 420 479.73414777777361 481.32080607352367 324 210
38 PINHOLE 648 420 479.4260891792843 481.0492287711391 324 210
39 PINHOLE 648 420 480.19078600016428 481.83957702733818 324 210
40 PINHOLE 648 420 480.66624573750687 482.41588676508786 324 210
41 PINHOLE 648 420 480.05199784106458 481.22432936323327 324 210
42 PINHOLE 648 420 480.75429764671435 482.04853641150947 324 210
43 PINHOLE 648 420 481.01742840764405 482.51037835073294 324 210
44 PINHOLE 648 420 480.49584299614992 481.39933249182315 324 210
45 PINHOLE 648 420 480.04311254887097 480.5470025910509 324 210
46 PINHOLE 648 420 480.00376235626408 480.96501368678554 324 210
47 PINHOLE 648 420 480.10605763429692 480.85892120814839 324 210
48 PINHOLE 648 420 481.19947280809248 482.55807759008104 324 210
49 PINHOLE 648 420 480.75606703413723 482.08429552757786 324 210
50 PINHOLE 648 420 480.12808006015092 481.2857848848941 324 210
51 PINHOLE 648 420 480.0273340685365 481.19495546237096 324 210
52 PINHOLE 648 420 479.87620764641349 481.3996179959662 324 210
53 PINHOLE 648 420 479.8118974771736 481.25456020940248 324 210
54 PINHOLE 648 420 479.84495603164601 481.31578236578383 324 210
55 PINHOLE 648 420 480.38324525689256 482.10864320150125 324 210
56 PINHOLE 648 420 480.4192775378437 482.34293609359935 324 210
57 PINHOLE 648 420 480.11350343822153 481.8547859394244 324 210
58 PINHOLE 648 420 479.92956570622613 481.51478849414013 324 210
59 PINHOLE 648 420 480.06287077041537 481.93543852609247 324 210
60 PINHOLE 648 420 479.84856750955311 481.51131129281777 324 210
61 PINHOLE 648 420 480.61954568208233 482.67485962926708 324 210
62 PINHOLE 648 420 480.93476603496595 483.15597047055837 324 210
63 PINHOLE 648 420 481.84259048567628 484.03164078852393 324 210
64 PINHOLE 648 420 480.11163068006397 482.06195638515038 324 210
65 PINHOLE 648 420 481.36132982507178 483.87209023325977 324 210
66 PINHOLE 648 420 481.26069670538141 483.42979148260088 324 210
67 PINHOLE 648 420 480.72140245887726 483.05501707044857 324 210
68 PINHOLE 648 420 480.92574402610734 483.62847470669482 324 210
69 PINHOLE 648 420 480.82149653114681 483.03686305788437 324 210
70 PINHOLE 648 420 480.13786648277664 481.6779998563407 324 210
71 PINHOLE 648 420 481.37797153559148 483.70177891071643 324 210
72 PINHOLE 648 420 481.1469381373596 483.29793543602051 324 210
73 PINHOLE 648 420 480.98365080763841 482.76929066070528 324 210
74 PINHOLE 648 420 480.85274695445628 482.46861989331808 324 210
75 PINHOLE 648 420 479.96983249480058 480.97580779629573 324 210
76 PINHOLE 648 420 480.05929401247545 481.0878345312093 324 210
77 PINHOLE 648 420 480.55146552663217 481.600491425347 324 210
78 PINHOLE 648 420 479.7991390839905 480.42349142588853 324 210
79 PINHOLE 648 420 479.68943724488776 480.02926392192387 324 210
80 PINHOLE 648 420 480.27212983892178 481.06817057149794 324 210
81 PINHOLE 648 420 480.17651028824946 480.98355263719048 324 210
82 PINHOLE 648 420 480.62637758783194 481.70603759053432 324 210
83 PINHOLE 648 420 480.093669326748 481.06277766416656 324 210
84 PINHOLE 648 420 479.34267967722582 480.2826685240675 324 210
85 PINHOLE 648 420 481.05751270180411 482.86663154242694 324 210
86 PINHOLE 648 420 480.58399267675935 482.34869309853786 324 210
87 PINHOLE 648 420 481.06412235186178 482.78470412104809 324 210
88 PINHOLE 648 420 480.94521943884399 482.91361073897997 324 210
89 PINHOLE 648 420 481.1018287582063 483.0613718052424 324 210
90 PINHOLE 648 420 481.48834269794912 484.08847979172691 324 210
91 PINHOLE 648 420 480.37365033932531 482.17640310227944 324 210
92 PINHOLE 648 420 479.69116206756672 481.21455183866294 324 210
93 PINHOLE 648 420 480.6893293987639 482.5143615677768 324 210
94 PINHOLE 648 420 480.35594231897585 481.77571491408168 324 210
95 PINHOLE 648 420 481.76633762552513 483.62631840715943 324 210
96 PINHOLE 648 420 481.28423011546209 483.10467404455937 324 210
97 PINHOLE 648 420 481.15370261844697 483.3630652520356 324 210
98 PINHOLE 648 420 480.39280151074234 482.25188596397578 324 210
99 PINHOLE 648 420 481.03448823206401 483.15082134045224 324 210
100 PINHOLE 648 420 480.51373970412834 482.056855001641 324 210
101 PINHOLE 648 420 480.17814409999215 481.25906981982342 324 210
102 PINHOLE 648 420 480.47121991820791 481.74660642445275 324 210
103 PINHOLE 648 420 479.83925132774618 481.21713393985982 324 210
104 PINHOLE 648 420 480.52094109479435 481.88521676904219 324 210
105 PINHOLE 648 420 480.90115211960563 482.07863612096071 324 210
106 PINHOLE 648 420 480.72591319276802 481.75583868305785 324 210
107 PINHOLE 648 420 480.90499145818313 481.98780373918828 324 210
108 PINHOLE 648 420 480.31430884725836 480.9880406479059 324 210
109 PINHOLE 648 420 480.22848050092978 480.8520917054376 324 210
110 PINHOLE 648 420 480.5681535175674 481.39323589049411 324 210
111 PINHOLE 648 420 480.64192188291048 481.46900374870972 324 210
112 PINHOLE 648 420 480.36537037127221 481.41655404729352 324 210
113 PINHOLE 648 420 480.09271510079918 481.10113571070224 324 210
114 PINHOLE 648 420 479.72395012977773 480.8083432486784 324 210
115 PINHOLE 648 420 480.58906090701061 482.27507750833911 324 210
116 PINHOLE 648 420 480.54242199169732 482.15592740562539 324 210
117 PINHOLE 648 420 481.14457882018627 482.90874563152806 324 210
118 PINHOLE 648 420 480.81067681212221 482.55122571633228 324 210
119 PINHOLE 648 420 480.97405979170321 482.78719473839215 324 210
120 PINHOLE 648 420 481.28692701211554 483.44300996279765 324 210
121 PINHOLE 648 420 481.97504844509052 484.51034968060674 324 210
122 PINHOLE 648 420 479.47069378884066 480.6655249960437 324 210
123 PINHOLE 648 420 481.79648686517487 483.7472590322356 324 210
124 PINHOLE 648 420 480.40476107182963 481.83122699359706 324 210
125 PINHOLE 648 420 480.62208641780785 482.25741292496605 324 210
126 PINHOLE 648 420 479.39898491561712 480.64464376008408 324 210
127 PINHOLE 648 420 481.5689273663416 483.72572183292885 324 210
128 PINHOLE 648 420 481.78902095236543 483.91992532979867 324 210
129 PINHOLE 648 420 481.8784238019054 483.56870112442158 324 210
130 PINHOLE 648 420 481.0470982876368 482.34833938514782 324 210
131 PINHOLE 648 420 481.19266182576337 482.58376125045424 324 210
132 PINHOLE 648 420 480.40605033120755 481.52689226972177 324 210
133 PINHOLE 648 420 480.75715130602043 481.8118099363088 324 210
134 PINHOLE 648 420 480.08841999190412 481.03873859591158 324 210
135 PINHOLE 648 420 480.17025474025354 481.07384797735398 324 210
136 PINHOLE 648 420 479.96768564319689 480.78945403617439 324 210
137 PINHOLE 648 420 480.24750746450911 481.2036011848416 324 210
138 PINHOLE 648 420 480.7248530817144 481.91537502434511 324 210
139 PINHOLE 648 420 480.38828912134096 481.31633090227859 324 210
140 PINHOLE 648 420 479.24963111976359 480.10413490663268 324 210
141 PINHOLE 648 420 480.49340443429287 481.55147088730718 324 210
142 PINHOLE 648 420 479.58235473699335 480.36431429323596 324 210
143 PINHOLE 648 420 480.42394273937145 481.69504845118763 324 210
144 PINHOLE 648 420 478.77068090683082 479.74969536089213 324 210
145 PINHOLE 648 420 479.89355153025042 481.01287911638383 324 210
146 PINHOLE 648 420 478.74072796330535 479.54843844457582 324 210
147 PINHOLE 648 420 481.63588552516961 483.7710527813897 324 210
148 PINHOLE 648 420 481.70527048008057 483.98310727910234 324 210
149 PINHOLE 648 420 481.34943103045771 483.3921340377974 324 210
150 PINHOLE 648 420 481.35907993292022 483.07355871054534 324 210
151 PINHOLE 648 420 479.69418442433954 481.38814248610151 324 210
152 PINHOLE 648 420 480.44644601519258 481.76666900704419 324 210
153 PINHOLE 648 420 480.67040267042734 481.88273710408885 324 210
154 PINHOLE 648 420 479.91364137751953 481.18525936235505 324 210
155 PINHOLE 648 420 480.29734602031789 481.88203224023187 324 210
156 PINHOLE 648 420 479.07455046539212 479.99446412095762 324 210
157 PINHOLE 648 420 481.11444321798916 482.62080122966819 324 210
158 PINHOLE 648 420 480.98708470395064 482.29897623532497 324 210
159 PINHOLE 648 420 480.02152134671439 480.79303478816246 324 210
160 PINHOLE 648 420 480.91703352077326 482.05367919122557 324 210
161 PINHOLE 648 420 481.24309020142704 482.37806278450302 324 210
162 PINHOLE 648 420 480.64549370882469 481.87647878831672 324 210
163 PINHOLE 648 420 481.14965071288822 482.32600848924187 324 210
164 PINHOLE 648 420 480.38579990895033 481.58795738693499 324 210
165 PINHOLE 648 420 480.22314086447892 481.49391215144379 324 210
166 PINHOLE 648 420 480.72604327319209 481.98179442051082 324 210
167 PINHOLE 648 420 480.92611278007564 482.0518920706059 324 210
168 PINHOLE 648 420 479.86919406035958 480.79269715876291 324 210
169 PINHOLE 648 420 479.0321062921322 479.68889093157821 324 210
170 PINHOLE 648 420 481.48759956928075 482.20881238968218 324 210
171 PINHOLE 648 420 479.14645838862799 479.63474798048247 324 210
172 PINHOLE 648 420 481.05807792574308 482.21645716875332 324 210
173 PINHOLE 648 420 480.63500578857173 481.83787102446053 324 210
174 PINHOLE 648 420 479.23663343370941 480.18986046996235 324 210
175 PINHOLE 648 420 482.09988520289244 484.52981808402279 324 210
176 PINHOLE 648 420 480.78579080232106 482.61226342897504 324 210
177 PINHOLE 648 420 480.09966923780854 481.51565506220049 324 210
178 PINHOLE 648 420 478.69034331680439 479.62726560811103 324 210
179 PINHOLE 648 420 479.3905482533969 480.46147003221904 324 210
180 PINHOLE 648 420 481.41381318623672 482.9583962100391 324 210
181 PINHOLE 648 420 480.93040524852648 482.13195546213836 324 210
182 PINHOLE 648 420 480.85124515498723 482.44797574226476 324 210
183 PINHOLE 648 420 480.85207288941973 482.1586821324189 324 210
184 PINHOLE 648 420 480.43897709480774 481.90746098943879 324 210
185 PINHOLE 648 420 481.12075981020422 482.48955463361574 324 210
