# Camera list with one line of data per camera:
#   CAMERA_ID, MODEL, WIDTH, HEIGHT, PARAMS[]
# Number of cameras: 311
1 PINHOLE 779 519 794.14437244064686 794.76547492847453 389.5 259.5
2 PINHOLE 779 519 793.66586774385564 794.29954582647144 389.5 259.5
3 PINHOLE 779 519 794.21812499280463 794.45492989999548 389.5 259.5
4 PINHOLE 779 519 794.30335024486556 794.59993031393572 389.5 259.5
5 PINHOLE 779 519 793.92971885088753 794.48005892016374 389.5 259.5
6 PINHOLE 779 519 792.98673763195654 793.55399017786647 389.5 259.5
7 PINHOLE 779 519 793.31000689814277 793.65133004455572 389.5 259.5
8 PINHOLE 779 519 793.25446819815136 793.74539560228561 389.5 259.5
9 PINHOLE 779 519 793.39336626226316 793.89335262862107 389.5 259.5
10 PINHOLE 779 519 793.5479884980623 794.15784581091305 389.5 259.5
11 PINHOLE 779 519 794.06921669083727 794.25454233935091 389.5 259.5
12 PINHOLE 779 519 794.34514423111182 794.37750732721406 389.5 259.5
13 PINHOLE 779 519 794.8902225713864 794.30452925192435 389.5 259.5
14 PINHOLE 779 519 795.73143301555342 795.9134659061574 389.5 259.5
15 PINHOLE 779 519 795.1285808265784 794.96751626010291 389.5 259.5
16 PINHOLE 779 519 795.68595913783952 795.06654708242547 389.5 259.5
17 PINHOLE 779 519 796.29605117005406 795.9361182083336 389.5 259.5
18 PINHOLE 779 519 796.76292160689479 796.82854183660913 389.5 259.5
19 PINHOLE 779 519 796.95536388190487 796.59642947262103 389.5 259.5
20 PINHOLE 779 519 797.17946739737204 796.47903781260015 389.5 259.5
21 PINHOLE 779 519 793.77048226997135 794.62079004882708 389.5 259.5
22 PINHOLE 779 519 794.56799927922907 795.66430560463755 389.5 259.5
23 PINHOLE 779 519 793.82434755187842 794.62278665502151 389.5 259.5
24 PINHOLE 779 519 790.71809344284134 791.40961409438853 389.5 259.5
25 PINHOLE 779 519 791.75651249564578 792.61031670893556 389.5 259.5
26 PINHOLE 779 519 792.46595656736599 793.24381089516919 389.5 259.5
27 PINHOLE 779 519 791.85113368058342 792.04164564229734 389.5 259.5
28 PINHOLE 779 519 792.24790703855729 792.63854577389861 389.5 259.5
29 PINHOLE 779 519 792.98195998924734 793.38517590940012 389.5 259.5
30 PINHOLE 779 519 792.32950137432806 793.00701435397366 389.5 259.5
31 PINHOLE 779 519 794.15173899276954 793.92648250545608 389.5 259.5
32 PINHOLE 779 519 792.93185670841558 792.69928435690031 389.5 259.5
33 PINHOLE 779 519 793.00636382633161 793.25759503401002 389.5 259.5
34 PINHOLE 779 519 792.78084665860365 792.994872866999 389.5 259.5
35 PINHOLE 779 519 792.58287579396449 793.00338458395868 389.5 259.5
36 PINHOLE 779 519 792.52559633669694 793.14216455167605 389.5 259.5
37 PINHOLE 779 519 791.81731710852364 792.58461756453289 389.5 259.5
38 PINHOLE 779 519 792.65408033730807 793.46411647256673 389.5 259.5
39 PINHOLE 779 519 793.39641298248159 794.62815293819858 389.5 259.5
40 PINHOLE 779 519 792.73960803544867 793.96844188412024 389.5 259.5
41 PINHOLE 779 519 792.25017556777493 793.69411496131534 389.5 259.5
42 PINHOLE 779 519 794.91801960107955 795.9225551505973 389.5 259.5
43 PINHOLE 779 519 796.34885618859334 797.3821465703013 389.5 259.5
44 PINHOLE 779 519 794.31642586439978 796.06971124788492 389.5 259.5
45 PINHOLE 779 519 792.9457101013212 794.32471086085548 389.5 259.5
46 PINHOLE 779 519 792.90891948256353 793.55481758720396 389.5 259.5
47 PINHOLE 779 519 792.32514321643555 793.43549683921071 389.5 259.5
48 PINHOLE 779 519 791.78692036471671 792.10197265347699 389.5 259.5
49 PINHOLE 779 519 792.54933352582759 792.71065375682736 389.5 259.5
50 PINHOLE 779 519 792.21686746352373 791.45468935093254 389.5 259.5
51 PINHOLE 779 519 793.20824642160483 792.50516042799779 389.5 259.5
52 PINHOLE 779 519 794.20066071153246 793.92719164315974 389.5 259.5
53 PINHOLE 779 519 793.18708687462811 792.91141535512486 389.5 259.5
54 PINHOLE 779 519 793.5029653223894 793.16244429653852 389.5 259.5
55 PINHOLE 779 519 792.81989446547311 792.91153887716519 389.5 259.5
56 PINHOLE 779 519 793.12506311069853 793.53051599901471 389.5 259.5
57 PINHOLE 779 519 792.51193779923483 793.10536500829801 389.5 259.5
58 PINHOLE 779 519 792.2984335863099 793.37669102483528 389.5 259.5
59 PINHOLE 779 519 792.71559969134842 793.67380917153571 389.5 259.5
60 PINHOLE 779 519 792.85079459655947 793.73409268797377 389.5 259.5
61 PINHOLE 779 519 793.32757983778959 794.46446018282234 389.5 259.5
62 PINHOLE 779 519 791.96964603370952 793.55854120896367 389.5 259.5
63 PINHOLE 779 519 793.13239352935818 794.1905930373016 389.5 259.5
64 PINHOLE 779 519 792.77241030724713 794.64173795533645 389.5 259.5
65 PINHOLE 779 519 792.66372994233234 793.17253931185292 389.5 259.5
66 PINHOLE 779 519 793.13080197115721 793.57145115008052 389.5 259.5
67 PINHOLE 779 519 793.34941960152435 793.41896117619137 389.5 259.5
68 PINHOLE 779 519 793.22787238530248 792.71862078779532 389.5 259.5
69 PINHOLE 779 519 793.36315567851307 792.77973186661904 389.5 259.5
70 PINHOLE 779 519 793.97547507404317 793.36166544345497 389.5 259.5
71 PINHOLE 779 519 794.98205681207571 793.65614045981761 389.5 259.5
72 PINHOLE 779 519 795.17350262728826 794.22567903991376 389.5 259.5
73 PINHOLE 779 519 794.168343023543 793.45870097683576 389.5 259.5
74 PINHOLE 779 519 794.41451417921917 794.42447622341365 389.5 259.5
75 PINHOLE 779 519 794.64457569484546 795.30369628986296 389.5 259.5
76 PINHOLE 779 519 794.7935705801101 796.10734866928772 389.5 259.5
77 PINHOLE 779 519 794.2123389650809 795.5511113476216 389.5 259.5
78 PINHOLE 779 519 793.77536468445635 795.06709642401393 389.5 259.5
79 PINHOLE 779 519 793.59672004447054 794.32520117805029 389.5 259.5
80 PINHOLE 779 519 792.63617765992069 793.88879757104803 389.5 259.5
81 PINHOLE 779 519 792.12765774578691 792.99332869277544 389.5 259.5
82 PINHOLE 779 519 792.36251354150806 792.95762715543265 389.5 259.5
83 PINHOLE 779 519 792.54302913353797 794.05500788831853 389.5 259.5
84 PINHOLE 779 519 793.30777271583304 794.3300821325256 389.5 259.5
85 PINHOLE 779 519 794.3121817241929 793.89289360671694 389.5 259.5
86 PINHOLE 779 519 794.27656287073785 794.03917005436347 389.5 259.5
87 PINHOLE 779 519 793.37128392196769 793.90024660211566 389.5 259.5
88 PINHOLE 779 519 792.92833525999299 793.99318022606701 389.5 259.5
89 PINHOLE 779 519 793.87331201106156 793.96682912558128 389.5 259.5
90 PINHOLE 779 519 794.43867632775073 794.78821887415006 389.5 259.5
91 PINHOLE 779 519 794.26670626878115 795.36176357440763 389.5 259.5
92 PINHOLE 779 519 792.45859319329088 794.33972899011485 389.5 259.5
93 PINHOLE 779 519 791.69120706830347 793.95010710582687 389.5 259.5
94 PINHOLE 779 519 793.23243900437478 794.66066841135148 389.5 259.5
95 PINHOLE 779 519 793.94235515190633 794.37471418644759 389.5 259.5
96 PINHOLE 779 519 793.97637452518006 793.49708176591935 389.5 259.5
97 PINHOLE 779 519 792.97912745103326 792.98884014726582 389.5 259.5
98 PINHOLE 779 519 792.76559425697076 792.20223952985998 389.5 259.5
99 PINHOLE 779 519 793.76611550039308 793.29716450585533 389.5 259.5
100 PINHOLE 779 519 794.54360140996289 794.0817873665942 389.5 259.5
101 PINHOLE 779 519 794.38985096648889 793.76931925111296 389.5 259.5
102 PINHOLE 779 519 794.41143753713834 793.53777404253231 389.5 259.5
103 PINHOLE 779 519 794.80060055562819 793.53592075360518 389.5 259.5
104 PINHOLE 779 519 795.06284888442565 793.23581730836429 389.5 259.5
105 PINHOLE 779 519 795.60530201107883 793.04314764197886 389.5 259.5
106 PINHOLE 779 519 795.40389901014703 792.79864411864025 389.5 259.5
107 PINHOLE 779 519 795.29111774336582 793.09644769856982 389.5 259.5
108 PINHOLE 779 519 795.9110249436178 793.3862683014903 389.5 259.5
109 PINHOLE 779 519 794.95902423249242 793.05336606308799 389.5 259.5
110 PINHOLE 779 519 794.00385172987592 792.58092130961859 389.5 259.5
111 PINHOLE 779 519 794.13476095749115 793.27227664423026 389.5 259.5
112 PINHOLE 779 519 793.53430793664199 793.67082215167079 389.5 259.5
113 PINHOLE 779 519 793.61987024521488 793.89841327371221 389.5 259.5
114 PINHOLE 779 519 794.45295348983495 794.60411987333009 389.5 259.5
115 PINHOLE 779 519 795.03660306764846 794.79608123580238 389.5 259.5
116 PINHOLE 779 519 793.90226539889557 795.46399506233206 389.5 259.5
117 PINHOLE 779 519 794.42644022670265 795.03920243418179 389.5 259.5
118 PINHOLE 779 519 794.51739579475441 795.4801829595483 389.5 259.5
119 PINHOLE 779 519 794.97142782790593 796.20786202066517 389.5 259.5
120 PINHOLE 779 519 794.20821549459242 793.39492192247951 389.5 259.5
121 PINHOLE 779 519 793.59348352896268 792.72709332386933 389.5 259.5
122 PINHOLE 779 519 793.63280442502503 793.03225933993792 389.5 259.5
123 PINHOLE 779 519 794.35584074024507 793.4781112758493 389.5 259.5
124 PINHOLE 779 519 794.51282222589134 793.517048620933 389.5 259.5
125 PINHOLE 779 519 794.52073843068558 793.60254868761956 389.5 259.5
126 PINHOLE 779 519 794.44916962460684 792.70209477395531 389.5 259.5
127 PINHOLE 779 519 794.73319118850452 793.52133283369415 389.5 259.5
128 PINHOLE 779 519 794.95646805422996 793.57260136350203 389.5 259.5
129 PINHOLE 779 519 795.13006853338675 794.10461332431544 389.5 259.5
130 PINHOLE 779 519 795.3765883405373 792.85899600509947 389.5 259.5
131 PINHOLE 779 519 795.30884508991733 793.48597795110243 389.5 259.5
132 PINHOLE 779 519 794.1522170188191 793.00002901239452 389.5 259.5
133 PINHOLE 779 519 794.03507919299557 793.10565789629845 389.5 259.5
134 PINHOLE 779 519 794.31921379985818 793.64630679847608 389.5 259.5
135 PINHOLE 779 519 794.4258214116478 793.62088812935053 389.5 259.5
136 PINHOLE 779 519 793.27641390553651 794.06163458481331 389.5 259.5
137 PINHOLE 779 519 792.57612470865399 793.54011581549855 389.5 259.5
138 PINHOLE 779 519 794.69937617226651 794.43203390734686 389.5 259.5
139 PINHOLE 779 519 794.41839972716195 793.91511029084256 389.5 259.5
140 PINHOLE 779 519 794.31162756098081 794.10839999255597 389.5 259.5
141 PINHOLE 779 519 794.16167139203526 794.65838532096677 389.5 259.5
142 PINHOLE 779 519 793.44812322161101 793.8210614920207 389.5 259.5
143 PINHOLE 779 519 793.89931382090708 794.53195487561072 389.5 259.5
144 PINHOLE 779 519 792.9633117774498 794.06766400055096 389.5 259.5
145 PINHOLE 779 519 794.03696682155976 795.51473333636159 389.5 259.5
146 PINHOLE 779 519 794.65652865961624 795.58913677760052 389.5 259.5
147 PINHOLE 779 519 793.58924932416937 794.05625663629075 389.5 259.5
148 PINHOLE 779 519 793.42978204336123 794.25359707580549 389.5 259.5
149 PINHOLE 779 519 793.4661704580983 794.08428801507773 389.5 259.5
150 PINHOLE 779 519 793.74480044537574 794.58460667007091 389.5 259.5
151 PINHOLE 779 519 794.09659885363772 794.18789789736934 389.5 259.5
152 PINHOLE 779 519 794.68145238513318 794.11407503874204 389.5 259.5
153 PINHOLE 779 519 794.99401648556534 794.27410966782054 389.5 259.5
154 PINHOLE 779 519 794.5320669893465 793.98013489794937 389.5 259.5
155 PINHOLE 779 519 794.38935731829736 793.56124652827214 389.5 259.5
156 PINHOLE 779 519 795.23718436550234 794.43254757018906 389.5 259.5
157 PINHOLE 779 519 794.97804045570558 794.53668806960479 389.5 259.5
158 PINHOLE 779 519 794.82832891503676 794.53959582959544 389.5 259.5
159 PINHOLE 779 519 795.35933469742895 795.49736420895783 389.5 259.5
160 PINHOLE 779 519 794.70330756655255 794.76497478082592 389.5 259.5
161 PINHOLE 779 519 794.4249902812777 794.25909802249146 389.5 259.5
162 PINHOLE 779 519 796.04322435315567 795.15690392309807 389.5 259.5
163 PINHOLE 779 519 794.68801512627192 795.56191508108384 389.5 259.5
164 PINHOLE 779 519 793.56380166388408 793.25894651838996 389.5 259.5
165 PINHOLE 779 519 792.94819457775702 793.2403593942438 389.5 259.5
166 PINHOLE 779 519 794.12482983207849 794.14607016650223 389.5 259.5
167 PINHOLE 779 519 793.88137576521433 793.98889989908548 389.5 259.5
168 PINHOLE 779 519 793.75163996501317 794.43177556450973 389.5 259.5
169 PINHOLE 779 519 794.76424353944208 794.8948542664798 389.5 259.5
170 PINHOLE 779 519 793.84670162285863 794.21711102012159 389.5 259.5
171 PINHOLE 779 519 793.52334780280034 794.23500481527901 389.5 259.5
172 PINHOLE 779 519 794.11984517128576 794.83430182241511 389.5 259.5
173 PINHOLE 779 519 794.39997745284882 794.36165905202279 389.5 259.5
174 PINHOLE 779 519 794.66268014795128 794.44408508067465 389.5 259.5
175 PINHOLE 779 519 795.33520261394483 794.75978379230628 389.5 259.5
176 PINHOLE 779 519 794.66407074639221 794.12914628398198 389.5 259.5
177 PINHOLE 779 519 795.12677955707443 794.33569816877605 389.5 259.5
178 PINHOLE 779 519 795.1678470754224 794.72281315678117 389.5 259.5
179 PINHOLE 779 519 796.04242603051887 795.37782761754772 389.5 259.5
180 PINHOLE 779 519 796.14303612504739 795.93974141140961 389.5 259.5
181 PINHOLE 779 519 795.26271198710413 795.24742189621372 389.5 259.5
182 PINHOLE 779 519 795.73832922224824 795.66782611864983 389.5 259.5
183 PINHOLE 779 519 795.15282694686312 794.94571075827207 389.5 259.5
184 PINHOLE 779 519 795.04355818516581 794.57496248625284 389.5 259.5
185 PINHOLE 779 519 796.03419870993002 795.13024898533081 389.5 259.5
186 PINHOLE 779 519 794.39838240024721 793.56718831955061 389.5 259.5
187 PINHOLE 779 519 793.22733460101347 792.97020839544734 389.5 259.5
188 PINHOLE 779 519 792.57180895808938 792.74142694292823 389.5 259.5
189 PINHOLE 779 519 790.7857139448605 791.24254297880566 389.5 259.5
190 PINHOLE 779 519 791.56809709064726 791.70364847967369 389.5 259.5
191 PINHOLE 779 519 794.56509797419199 794.57597876690261 389.5 259.5
192 PINHOLE 779 519 794.15704848383768 793.76685539613425 389.5 259.5
193 PINHOLE 779 519 792.50642504763414 791.70613994387941 389.5 259.5
194 PINHOLE 779 519 793.05124867820018 792.13654693891658 389.5 259.5
195 PINHOLE 779 519 794.20588253224435 793.97863332616737 389.5 259.5
196 PINHOLE 779 519 794.1040452180107 794.60388251617292 389.5 259.5
197 PINHOLE 779 519 794.18498060512081 795.02300757884689 389.5 259.5
198 PINHOLE 779 519 794.14856443405688 794.93375443940783 389.5 259.5
199 PINHOLE 779 519 794.57209846159196 795.11741653456761 389.5 259.5
200 PINHOLE 779 519 794.94183257325687 795.36549740769919 389.5 259.5
201 PINHOLE 779 519 795.22062833456312 795.36721614837859 389.5 259.5
202 PINHOLE 779 519 793.82890329907389 794.23342434523477 389.5 259.5
203 PINHOLE 779 519 793.98855501696187 795.0977041385587 389.5 259.5
204 PINHOLE 779 519 793.18666707510681 794.30815323740865 389.5 259.5
205 PINHOLE 779 519 792.46611766286503 793.73231195355083 389.5 259.5
206 PINHOLE 779 519 791.25869236666767 791.6964756416844 389.5 259.5
207 PINHOLE 779 519 792.76655002049017 793.05469693886027 389.5 259.5
208 PINHOLE 779 519 791.61711956229624 792.40777540510942 389.5 259.5
209 PINHOLE 779 519 792.6031370718764 793.10332574938798 389.5 259.5
210 PINHOLE 779 519 784.83082727405201 790.16786758425576 389.5 259.5
211 PINHOLE 779 519 790.38117205324886 794.0879666019805 389.5 259.5
212 PINHOLE 779 519 797.11248919129139 798.6139378390817 389.5 259.5
213 PINHOLE 779 519 793.0371457900286 793.56757525634862 389.5 259.5
214 PINHOLE 779 519 792.23069583737606 793.08843506947426 389.5 259.5
215 PINHOLE 779 519 792.74822926220281 794.03916877047936 389.5 259.5
216 PINHOLE 779 519 792.87299967796753 794.13825824924265 389.5 259.5
217 PINHOLE 779 519 793.22553975271376 794.37396169182853 389.5 259.5
218 PINHOLE 779 519 793.42818114368185 793.53635723200159 389.5 259.5
219 PINHOLE 779 519 792.43382806686918 792.55026242430631 389.5 259.5
220 PINHOLE 779 519 794.0651225286839 795.32306114655808 389.5 259.5
221 PINHOLE 779 519 794.73054335124095 795.15361146827183 389.5 259.5
222 PINHOLE 779 519 794.34968629386003 793.16103318689477 389.5 259.5
223 PINHOLE 779 519 791.39595408714627 791.4463477573687 389.5 259.5
224 PINHOLE 779 519 794.20621503929851 793.26606412559101 389.5 259.5
225 PINHOLE 779 519 795.04954488854401 793.44981589498059 389.5 259.5
226 PINHOLE 779 519 794.17987385966239 792.67460666687145 389.5 259.5
227 PINHOLE 779 519 793.82990317623273 792.16448164894859 389.5 259.5
228 PINHOLE 779 519 797.38616134403458 795.91184947081445 389.5 259.5
229 PINHOLE 779 519 798.26376190456028 796.33669462855755 389.5 259.5
230 PINHOLE 779 519 794.410453838938 791.79461426270075 389.5 259.5
231 PINHOLE 779 519 795.84965814120051 793.01850275219761 389.5 259.5
232 PINHOLE 779 519 794.56893986057196 791.1183078546793 389.5 259.5
233 PINHOLE 779 519 796.23437945035653 792.66112770829864 389.5 259.5
234 PINHOLE 779 519 798.73366832804413 795.8537946843893 389.5 259.5
235 PINHOLE 779 519 799.16680622330875 798.1486783791064 389.5 259.5
236 PINHOLE 779 519 796.64016010090063 796.34757123713939 389.5 259.5
237 PINHOLE 779 519 795.55442441788807 794.85786215500423 389.5 259.5
238 PINHOLE 779 519 793.39300100150649 793.12988872031099 389.5 259.5
239 PINHOLE 779 519 793.56446907239797 794.21853090737045 389.5 259.5
240 PINHOLE 779 519 792.67788257944051 792.56842141192863 389.5 259.5
241 PINHOLE 779 519 792.34641480461551 792.18289016379242 389.5 259.5
242 PINHOLE 779 519 792.99781846937378 793.22461944971576 389.5 259.5
243 PINHOLE 779 519 792.94303168934152 793.61603408674955 389.5 259.5
244 PINHOLE 779 519 793.81764917778389 794.11479227304767 389.5 259.5
245 PINHOLE 779 519 793.92666137987931 794.2676306728805 389.5 259.5
246 PINHOLE 779 519 794.20600527341855 794.42760024927168 389.5 259.5
247 PINHOLE 779 519 794.60714756860932 794.92249802325875 389.5 259.5
248 PINHOLE 779 519 794.9975258908803 795.09458091808528 389.5 259.5
249 PINHOLE 779 519 789.9990384217673 791.06841192906813 389.5 259.5
250 PINHOLE 779 519 791.70637136694563 790.62329813044232 389.5 259.5
251 PINHOLE 779 519 792.33697641069625 791.76512018613357 389.5 259.5
252 PINHOLE 779 519 792.38843728546237 791.79417452241023 389.5 259.5
253 PINHOLE 779 519 793.49851597996042 792.55076158361817 389.5 259.5
254 PINHOLE 779 519 793.90612117309865 792.4787228148042 389.5 259.5
255 PINHOLE 779 519 793.70196207119011 792.36064603091984 389.5 259.5
256 PINHOLE 779 519 793.77373497098802 793.50046805926979 389.5 259.5
257 PINHOLE 779 519 792.89755119520339 793.37429339586117 389.5 259.5
258 PINHOLE 779 519 793.39174004693996 793.41604988347751 389.5 259.5
259 PINHOLE 779 519 793.91973255745575 793.51437518521038 389.5 259.5
260 PINHOLE 779 519 792.90316993120587 793.16716577429941 389.5 259.5
261 PINHOLE 779 519 790.32698742776086 789.75220254330213 389.5 259.5
262 PINHOLE 779 519 791.66272417774303 790.1198444218262 389.5 259.5
263 PINHOLE 779 519 793.830234081821 792.86767933730562 389.5 259.5
264 PINHOLE 779 519 794.84243058989694 795.81149719248208 389.5 259.5
265 PINHOLE 779 519 789.71416052206553 790.2784935861763 389.5 259.5
266 PINHOLE 779 519 791.69000758695336 793.23200985508572 389.5 259.5
267 PINHOLE 779 519 794.53679859621695 796.18985603996407 389.5 259.5
268 PINHOLE 779 519 800.9317763182928 802.557997984439 389.5 259.5
269 PINHOLE 779 519 799.27097628556521 801.46363272689018 389.5 259.5
270 PINHOLE 779 519 798.92048107374399 800.56329193417457 389.5 259.5
271 PINHOLE 779 519 799.82089563445493 802.04791976523245 389.5 259.5
272 PINHOLE 779 519 800.51131027878534 802.35920996425739 389.5 259.5
273 PINHOLE 779 519 796.94705257128976 798.48952161378395 389.5 259.5
274 PINHOLE 779 519 796.78306929338817 798.66274360783768 389.5 259.5
275 PINHOLE 779 519 797.80156728341285 799.116640112965 389.5 259.5
276 PINHOLE 779 519 793.66411914271089 795.28952912203488 389.5 259.5
277 PINHOLE 779 519 791.78205445876574 792.64183285857609 389.5 259.5
278 PINHOLE 779 519 790.27076799737779 792.13745315838207 389.5 259.5
279 PINHOLE 779 519 794.79686264165252 795.40156159632568 389.5 259.5
280 PINHOLE 779 519 798.18439235592655 798.21905625335705 389.5 259.5
281 PINHOLE 779 519 792.71155273065631 794.50187477194186 389.5 259.5
282 PINHOLE 779 519 790.25374447485399 792.14114560653843 389.5 259.5
283 PINHOLE 779 519 790.69516520775835 792.17870722740827 389.5 259.5
284 PINHOLE 779 519 795.74614746150792 795.59502928956624 389.5 259.5
285 PINHOLE 779 519 794.76312550625005 794.28425175348968 389.5 259.5
286 PINHOLE 779 519 794.01469063794843 794.29098972695226 389.5 259.5
287 PINHOLE 779 519 793.79446566344041 794.86566950412646 389.5 259.5
288 PINHOLE 779 519 792.85358814962922 793.68272561158074 389.5 259.5
289 PINHOLE 779 519 787.49342170519276 784.9008820814978 389.5 259.5
290 PINHOLE 779 519 798.45255058062537 798.37690333981584 389.5 259.5
291 PINHOLE 779 519 797.68199173731341 797.30927848568558 389.5 259.5
292 PINHOLE 779 519 797.23185573867829 797.14396189321235 389.5 259.5
293 PINHOLE 779 519 797.28425145393089 797.63549569648001 389.5 259.5
294 PINHOLE 779 519 796.43556857892941 796.70666468343848 389.5 259.5
295 PINHOLE 779 519 796.79199531654569 798.23214324483047 389.5 259.5
296 PINHOLE 779 519 798.41004145701959 799.0039566163008 389.5 259.5
297 PINHOLE 779 519 796.31020695492168 796.40270576092155 389.5 259.5
298 PINHOLE 779 519 799.46011942159544 798.3092367507071 389.5 259.5
299 PINHOLE 779 519 802.55424304786754 802.30629991235264 389.5 259.5
300 PINHOLE 779 519 779.69475221817959 782.47397730374553 389.5 259.5
301 PINHOLE 779 519 797.60322863865827 796.98164374656619 389.5 259.5
302 PINHOLE 779 519 794.53122562694136 794.62343163946127 389.5 259.5
303 PINHOLE 779 519 795.08812017005039 795.08498391397234 389.5 259.5
304 PINHOLE 779 519 784.36825789221109 785.31931840307709 389.5 259.5
305 PINHOLE 779 519 801.31203648765802 802.30980822458923 389.5 259.5
306 PINHOLE 779 519 796.86855399361332 797.03879133194437 389.5 259.5
307 PINHOLE 779 519 797.39835018576866 798.11172858636462 389.5 259.5
308 PINHOLE 779 519 799.68527208110208 800.38778790076958 389.5 259.5
309 PINHOLE 779 519 792.31540639877312 788.86166996193049 389.5 259.5
310 PINHOLE 779 519 795.01343849852799 793.59016713550352 389.5 259.5
311 PINHOLE 779 519 794.61128557501286 794.03217054387574 389.5 259.5
