# Camera list with one line of data per camera:
#   CAMERA_ID, MODEL, WIDTH, HEIGHT, PARAMS[]
# Number of cameras: 279
1 PINHOLE 779 520 807.37632370663243 806.80560213470051 389.5 260
2 PINHOLE 779 520 807.60318677425698 807.20793826976967 389.5 260
3 PINHOLE 779 520 808.58603030817073 808.27516749086237 389.5 260
4 PINHOLE 779 520 807.51003175038568 807.75574708528859 389.5 260
5 PINHOLE 779 520 808.43952495880387 809.11909793155007 389.5 260
6 PINHOLE 779 520 808.09230115299749 808.80862680016583 389.5 260
7 PINHOLE 779 520 808.07968838762986 808.85508567471061 389.5 260
8 PINHOLE 779 520 807.99062410212537 808.7308322325606 389.5 260
9 PINHOLE 779 520 808.90118453360151 810.04001597920171 389.5 260
10 PINHOLE 779 520 808.56660487072861 809.37225386884268 389.5 260
11 PINHOLE 779 520 808.52722865714384 809.31635788901974 389.5 260
12 PINHOLE 779 520 808.16878326866447 809.33007317559668 389.5 260
13 PINHOLE 779 520 808.34021185761628 809.73344868466529 389.5 260
14 PINHOLE 779 520 809.22924056532656 810.38281599646768 389.5 260
15 PINHOLE 779 520 809.84778565821534 810.9849341089423 389.5 260
16 PINHOLE 779 520 811.39115521479698 812.77938695162493 389.5 260
17 PINHOLE 779 520 810.1303689420522 811.6962333394448 389.5 260
18 PINHOLE 779 520 809.33215602224243 810.63671035767356 389.5 260
19 PINHOLE 779 520 807.18256790248029 807.88739743269696 389.5 260
20 PINHOLE 779 520 809.00163172666498 810.22378869525505 389.5 260
21 PINHOLE 779 520 808.053558816247 809.32000931868902 389.5 260
22 PINHOLE 779 520 807.80633682433518 809.03208759091046 389.5 260
23 PINHOLE 779 520 807.56132815900037 808.61967546809296 389.5 260
24 PINHOLE 779 520 807.04090340333403 807.987780717698 389.5 260
25 PINHOLE 779 520 805.52423250359584 806.20171101625147 389.5 260
26 PINHOLE 779 520 804.80458811811161 805.72752688373316 389.5 260
27 PINHOLE 779 520 804.32263993591209 805.42589576973523 389.5 260
28 PINHOLE 779 520 805.05878992106034 806.17094571745668 389.5 260
29 PINHOLE 779 520 805.13997775531186 806.19746276303886 389.5 260
30 PINHOLE 779 520 805.3035713483381 806.07449733651504 389.5 260
31 PINHOLE 779 520 805.29860349036926 805.80339091267217 389.5 260
32 PINHOLE 779 520 805.6979314584072 805.97035434621228 389.5 260
33 PINHOLE 779 520 806.03040010930545 806.83899486910002 389.5 260
34 PINHOLE 779 520 804.90059963270221 804.31488920386676 389.5 260
35 PINHOLE 779 520 805.06618506521954 805.33655853489176 389.5 260
36 PINHOLE 779 520 805.72971999556933 806.07861503584206 389.5 260
37 PINHOLE 779 520 805.52106139947932 805.61663073215198 389.5 260
38 PINHOLE 779 520 806.07264976767715 806.25989514042612 389.5 260
39 PINHOLE 779 520 806.01821054611742 806.37490517955246 389.5 260
40 PINHOLE 779 520 806.13111871006345 806.83409567592832 389.5 260
41 PINHOLE 779 520 804.77925350654948 805.1249485738133 389.5 260
42 PINHOLE 779 520 804.37661976706454 805.52955917379552 389.5 260
43 PINHOLE 779 520 804.17075441560235 805.3346799427203 389.5 260
44 PINHOLE 779 520 803.55701891512638 804.72036335521352 389.5 260
45 PINHOLE 779 520 803.96029248242598 805.26961313683978 389.5 260
46 PINHOLE 779 520 802.71933843846421 803.87550689692614 389.5 260
47 PINHOLE 779 520 802.32469175163021 803.29729937968932 389.5 260
48 PINHOLE 779 520 802.48811511158272 803.3632861547552 389.5 260
49 PINHOLE 779 520 802.8349027764923 803.66553319588309 389.5 260
50 PINHOLE 779 520 803.20749653904818 803.75834769726805 389.5 260
51 PINHOLE 779 520 803.06510951961434 803.48108977109791 389.5 260
52 PINHOLE 779 520 803.1479108910678 803.73975989960024 389.5 260
53 PINHOLE 779 520 803.63449375770142 804.44689347807878 389.5 260
54 PINHOLE 779 520 803.99489413019342 804.84452572967302 389.5 260
55 PINHOLE 779 520 804.65990071171552 805.54188643611894 389.5 260
56 PINHOLE 779 520 804.9570397546911 805.84441147722873 389.5 260
57 PINHOLE 779 520 805.29739256399603 806.04181316864128 389.5 260
58 PINHOLE 779 520 805.7504363916479 806.76870814977883 389.5 260
59 PINHOLE 779 520 806.04369958725067 807.2291811606882 389.5 260
60 PINHOLE 779 520 806.91075523103473 808.08121500536845 389.5 260
61 PINHOLE 779 520 807.02555987859103 808.49702377992003 389.5 260
62 PINHOLE 779 520 807.27041710599258 808.79141229398851 389.5 260
63 PINHOLE 779 520 807.41800870752604 808.99321015497048 389.5 260
64 PINHOLE 779 520 806.56479865473136 807.95637832486113 389.5 260
65 PINHOLE 779 520 807.9935523314897 809.38145358397389 389.5 260
66 PINHOLE 779 520 807.51150582615367 808.96862748047533 389.5 260
67 PINHOLE 779 520 806.82562317654617 807.77115107893053 389.5 260
68 PINHOLE 779 520 807.95138823110483 808.95634842103095 389.5 260
69 PINHOLE 779 520 808.04863263133757 809.18142079740892 389.5 260
70 PINHOLE 779 520 807.8044437475877 809.35213834108197 389.5 260
71 PINHOLE 779 520 808.63278909806445 810.63582717247198 389.5 260
72 PINHOLE 779 520 807.72466262476689 809.3140409428978 389.5 260
73 PINHOLE 779 520 807.49561597153729 809.25914754598193 389.5 260
74 PINHOLE 779 520 807.00486019474158 808.38612604812465 389.5 260
75 PINHOLE 779 520 806.74299744219957 807.39485566891767 389.5 260
76 PINHOLE 779 520 806.15732395621376 807.33012468524976 389.5 260
77 PINHOLE 779 520 806.20879959439367 807.08442492993754 389.5 260
78 PINHOLE 779 520 805.84503087239648 806.9788679178298 389.5 260
79 PINHOLE 779 520 805.29839080318538 806.15015137964861 389.5 260
80 PINHOLE 779 520 805.06818401230305 805.37235039914628 389.5 260
81 PINHOLE 779 520 804.68115512337829 805.44835644996635 389.5 260
82 PINHOLE 779 520 803.47338284798013 803.55162334558668 389.5 260
83 PINHOLE 779 520 803.54371029201911 803.32786589830403 389.5 260
84 PINHOLE 779 520 803.82173405360527 804.12751602699973 389.5 260
85 PINHOLE 779 520 804.09823038161289 804.63615942289641 389.5 260
86 PINHOLE 779 520 804.479765445373 805.20150702036062 389.5 260
87 PINHOLE 779 520 804.07066058162047 804.7844986907495 389.5 260
88 PINHOLE 779 520 805.33068531834851 806.47491877890275 389.5 260
89 PINHOLE 779 520 806.19016707523178 807.01130264657013 389.5 260
90 PINHOLE 779 520 806.13970705739757 806.97597683436811 389.5 260
91 PINHOLE 779 520 806.39919959667668 807.99433858136558 389.5 260
92 PINHOLE 779 520 806.39915120567127 807.71552923601121 389.5 260
93 PINHOLE 779 520 805.56105136740462 806.46230149825033 389.5 260
94 PINHOLE 779 520 805.76286265158092 806.30733470461064 389.5 260
95 PINHOLE 779 520 804.91257579609055 805.49536998700171 389.5 260
96 PINHOLE 779 520 805.65758792381951 806.31170746390569 389.5 260
97 PINHOLE 779 520 805.26988566963303 806.16985658759666 389.5 260
98 PINHOLE 779 520 805.84634667293835 806.22548575073472 389.5 260
99 PINHOLE 779 520 806.25559909081255 807.21983209619759 389.5 260
100 PINHOLE 779 520 806.79285456955574 807.49872628449441 389.5 260
101 PINHOLE 779 520 806.3204433435526 807.21094121614124 389.5 260
102 PINHOLE 779 520 806.23043789635074 806.83589506907083 389.5 260
103 PINHOLE 779 520 806.7868342320329 807.74512059943595 389.5 260
104 PINHOLE 779 520 806.91629447833134 808.49141029488362 389.5 260
105 PINHOLE 779 520 807.46546658728937 808.73426026657819 389.5 260
106 PINHOLE 779 520 807.89721118886314 809.19530275032139 389.5 260
107 PINHOLE 779 520 800.42053733606917 800.64490213773888 389.5 260
108 PINHOLE 779 520 800.85492263968547 801.08227733860531 389.5 260
109 PINHOLE 779 520 799.78037308209343 799.92279048718672 389.5 260
110 PINHOLE 779 520 800.82443858140152 800.78603652456252 389.5 260
111 PINHOLE 779 520 800.34463735528914 800.05598550968557 389.5 260
112 PINHOLE 779 520 800.59604579560551 800.3992600312389 389.5 260
113 PINHOLE 779 520 802.18285893409848 801.94001621346945 389.5 260
114 PINHOLE 779 520 801.2003128048857 800.7397234199201 389.5 260
115 PINHOLE 779 520 802.14344977390044 801.36209282974914 389.5 260
116 PINHOLE 779 520 801.90306975376234 801.05307821773727 389.5 260
117 PINHOLE 779 520 807.130671474834 810.66022192071182 389.5 260
118 PINHOLE 779 520 808.68219373026659 811.92574480211852 389.5 260
119 PINHOLE 779 520 807.75887604274737 810.64203564033915 389.5 260
120 PINHOLE 779 520 807.96053060375129 810.39449662001527 389.5 260
121 PINHOLE 779 520 806.89094559534772 809.00833461267553 389.5 260
122 PINHOLE 779 520 806.47173847287559 808.70764219913963 389.5 260
123 PINHOLE 779 520 807.31775646857204 809.20885352074515 389.5 260
124 PINHOLE 779 520 807.29485414714475 808.97839209831579 389.5 260
125 PINHOLE 779 520 806.1354471608023 807.38641384853827 389.5 260
126 PINHOLE 779 520 806.27131666547552 807.64859320363962 389.5 260
127 PINHOLE 779 520 806.21811649382516 807.30692804829914 389.5 260
128 PINHOLE 779 520 805.83343890634671 806.61473035061658 389.5 260
129 PINHOLE 779 520 805.32992845098534 805.75334464958371 389.5 260
130 PINHOLE 779 520 804.59836763969236 804.87951281101618 389.5 260
131 PINHOLE 779 520 803.80907571239527 804.00860581967527 389.5 260
132 PINHOLE 779 520 804.30500303747033 804.61339508555557 389.5 260
133 PINHOLE 779 520 804.28068784323773 804.87679789479523 389.5 260
134 PINHOLE 779 520 803.51439581126942 804.2462548600929 389.5 260
135 PINHOLE 779 520 803.47216861097183 804.13467258670937 389.5 260
136 PINHOLE 779 520 804.55695880527958 805.38018044520106 389.5 260
137 PINHOLE 779 520 804.27263312436094 805.1730208612978 389.5 260
138 PINHOLE 779 520 804.17757443130984 805.06807963918538 389.5 260
139 PINHOLE 779 520 803.95378829296499 804.88750381649083 389.5 260
140 PINHOLE 779 520 803.98904113600042 805.19252121938712 389.5 260
141 PINHOLE 779 520 804.68724710186996 806.01463493723156 389.5 260
142 PINHOLE 779 520 805.07100596096461 806.51633084190837 389.5 260
143 PINHOLE 779 520 805.08711351248428 806.38927904967295 389.5 260
144 PINHOLE 779 520 804.8931348740291 806.25037909901016 389.5 260
145 PINHOLE 779 520 804.6120621239653 805.8240076117936 389.5 260
146 PINHOLE 779 520 804.48728247392899 805.72352611103895 389.5 260
147 PINHOLE 779 520 803.94933322505938 805.37763960555685 389.5 260
148 PINHOLE 779 520 803.492748593795 804.87413331682183 389.5 260
149 PINHOLE 779 520 802.70928556136403 803.95327756530753 389.5 260
150 PINHOLE 779 520 802.5331839937636 803.68159357440447 389.5 260
151 PINHOLE 779 520 803.61964216220497 805.3507359736916 389.5 260
152 PINHOLE 779 520 802.58288100442098 803.82212799034266 389.5 260
153 PINHOLE 779 520 803.21677332265142 805.001825314641 389.5 260
154 PINHOLE 779 520 803.07595459799734 804.32220735762587 389.5 260
155 PINHOLE 779 520 803.06471786227496 804.24250503675148 389.5 260
156 PINHOLE 779 520 803.20884714021156 804.40025079588895 389.5 260
157 PINHOLE 779 520 803.00853229158531 804.34864954426087 389.5 260
158 PINHOLE 779 520 808.44863541428958 811.14870793111618 389.5 260
159 PINHOLE 779 520 808.64002921200483 811.55727013845274 389.5 260
160 PINHOLE 779 520 809.65622008845207 813.01721508302944 389.5 260
161 PINHOLE 779 520 809.18925784147461 812.56061842273823 389.5 260
162 PINHOLE 779 520 808.2203489940207 811.53490700613224 389.5 260
163 PINHOLE 779 520 809.64258080864636 814.07804244919066 389.5 260
164 PINHOLE 779 520 810.34952635859804 814.33323850243562 389.5 260
165 PINHOLE 779 520 810.28005941375727 814.47532461944991 389.5 260
166 PINHOLE 779 520 809.97167952221218 814.02849579859208 389.5 260
167 PINHOLE 779 520 810.11858366306819 813.93858854133907 389.5 260
168 PINHOLE 779 520 809.83259864006914 814.13706558816511 389.5 260
169 PINHOLE 779 520 810.15296769707209 815.24896582138899 389.5 260
170 PINHOLE 779 520 809.41546587867606 813.94695472687044 389.5 260
171 PINHOLE 779 520 807.41097915874332 811.30022859328358 389.5 260
172 PINHOLE 779 520 806.47136893130687 809.77762541976563 389.5 260
173 PINHOLE 779 520 806.03206941195651 810.13673085744335 389.5 260
174 PINHOLE 779 520 806.34206801880714 810.45437361202096 389.5 260
175 PINHOLE 779 520 806.57161903770736 810.29656838424501 389.5 260
176 PINHOLE 779 520 805.22027515936179 808.58891244508141 389.5 260
177 PINHOLE 779 520 806.3042589816838 810.79842420154034 389.5 260
178 PINHOLE 779 520 805.5908694417277 808.68270056330402 389.5 260
179 PINHOLE 779 520 805.90634701601016 809.51270146437446 389.5 260
180 PINHOLE 779 520 805.50713512653022 808.07034459030933 389.5 260
181 PINHOLE 779 520 805.98433001130843 808.16481515972589 389.5 260
182 PINHOLE 779 520 807.87946891425122 809.75971418575591 389.5 260
183 PINHOLE 779 520 807.47675399807906 809.39664948244672 389.5 260
184 PINHOLE 779 520 807.12762260328134 809.49910657082148 389.5 260
185 PINHOLE 779 520 807.38999612146756 810.12297426354542 389.5 260
186 PINHOLE 779 520 807.72794892316642 810.03504228157055 389.5 260
187 PINHOLE 779 520 808.53831013850663 811.06625790520195 389.5 260
188 PINHOLE 779 520 807.10137002149929 809.58549744590584 389.5 260
189 PINHOLE 779 520 808.86334905306921 811.51774301189334 389.5 260
190 PINHOLE 779 520 808.57354042651218 810.40632635908241 389.5 260
191 PINHOLE 779 520 808.53065911552574 810.04042386976414 389.5 260
192 PINHOLE 779 520 806.79243244523423 807.54933418574001 389.5 260
193 PINHOLE 779 520 806.66922921231765 807.24174831266498 389.5 260
194 PINHOLE 779 520 807.46450069262164 808.88773142496041 389.5 260
195 PINHOLE 779 520 806.43852882684246 807.89527947336444 389.5 260
196 PINHOLE 779 520 806.81420991549749 808.01303682945434 389.5 260
197 PINHOLE 779 520 807.35868649724466 808.64119334622876 389.5 260
198 PINHOLE 779 520 806.9845445468444 808.47052673301141 389.5 260
199 PINHOLE 779 520 805.98563931857473 806.99797288895252 389.5 260
200 PINHOLE 779 520 806.01891266052712 807.41891528405745 389.5 260
201 PINHOLE 779 520 805.76930959779384 807.55330988736819 389.5 260
202 PINHOLE 779 520 806.10684987056834 808.13367947783411 389.5 260
203 PINHOLE 779 520 805.31732638344238 807.21512430345592 389.5 260
204 PINHOLE 779 520 805.07002338590746 806.92420515124161 389.5 260
205 PINHOLE 779 520 806.14046128450138 807.70121913337664 389.5 260
206 PINHOLE 779 520 804.75764484171452 806.32649546637629 389.5 260
207 PINHOLE 779 520 805.60928344650483 807.14856707537524 389.5 260
208 PINHOLE 779 520 804.24385340051822 805.43461193431915 389.5 260
209 PINHOLE 779 520 804.66277874752643 805.71604750508607 389.5 260
210 PINHOLE 779 520 804.86455712390045 805.76210787970274 389.5 260
211 PINHOLE 779 520 804.33610025051792 804.77557731000581 389.5 260
212 PINHOLE 779 520 804.30730407924682 804.56867929118448 389.5 260
213 PINHOLE 779 520 805.05007499923749 805.32768717803583 389.5 260
214 PINHOLE 779 520 804.47044328040658 805.12105260300393 389.5 260
215 PINHOLE 779 520 804.37840219065038 805.35649341756982 389.5 260
216 PINHOLE 779 520 804.5431169615689 805.46810254073932 389.5 260
217 PINHOLE 779 520 803.92547110981718 804.90878396833466 389.5 260
218 PINHOLE 779 520 803.10449043930157 804.13509211426424 389.5 260
219 PINHOLE 779 520 806.29153366497837 808.54311511060109 389.5 260
220 PINHOLE 779 520 804.5569137629725 806.03646673890603 389.5 260
221 PINHOLE 779 520 804.31492575003017 805.58220272289861 389.5 260
222 PINHOLE 779 520 805.04955397747744 806.20334704078562 389.5 260
223 PINHOLE 779 520 805.13155753437934 806.43544063270679 389.5 260
224 PINHOLE 779 520 805.49898628349695 806.86498781039654 389.5 260
225 PINHOLE 779 520 805.56516796884171 807.03008935829985 389.5 260
226 PINHOLE 779 520 806.078249320277 807.86624181991726 389.5 260
227 PINHOLE 779 520 806.90680834057434 808.90037412862432 389.5 260
228 PINHOLE 779 520 807.50677797702849 809.52886489876664 389.5 260
229 PINHOLE 779 520 807.19599811636226 809.43526515152348 389.5 260
230 PINHOLE 779 520 807.90391778215644 810.34936047802444 389.5 260
231 PINHOLE 779 520 809.05283000447787 811.2231701017995 389.5 260
232 PINHOLE 779 520 810.41418086680949 812.57012790401336 389.5 260
233 PINHOLE 779 520 809.92590963881923 811.96962307236925 389.5 260
234 PINHOLE 779 520 810.25730085235114 811.89432527287022 389.5 260
235 PINHOLE 779 520 810.17396337447383 811.38133278890234 389.5 260
236 PINHOLE 779 520 810.55461413185992 811.7146480464736 389.5 260
237 PINHOLE 779 520 811.19288867273883 811.79689354262166 389.5 260
238 PINHOLE 779 520 810.23463030641415 810.66694398544337 389.5 260
239 PINHOLE 779 520 809.11940842826027 809.66321203161806 389.5 260
240 PINHOLE 779 520 806.08942620070741 806.30962775117564 389.5 260
241 PINHOLE 779 520 806.16212841947834 806.6254368824624 389.5 260
242 PINHOLE 779 520 806.10465844808186 806.49014161577691 389.5 260
243 PINHOLE 779 520 805.84450149282441 806.3063351407452 389.5 260
244 PINHOLE 779 520 805.19698844340815 805.63409121566883 389.5 260
245 PINHOLE 779 520 805.28672042978803 806.25702723085192 389.5 260
246 PINHOLE 779 520 804.16457357523893 806.47447238824748 389.5 260
247 PINHOLE 779 520 804.36649878526782 807.03678691432094 389.5 260
248 PINHOLE 779 520 805.27155428615674 808.77199089285091 389.5 260
249 PINHOLE 779 520 807.21945369948048 809.44458543979601 389.5 260
250 PINHOLE 779 520 807.38082810377966 809.67700781469637 389.5 260
251 PINHOLE 779 520 807.39555366334685 809.36318790674898 389.5 260
252 PINHOLE 779 520 807.73647003990607 810.48899860006793 389.5 260
253 PINHOLE 779 520 807.28862314353876 809.65275439699792 389.5 260
254 PINHOLE 779 520 807.34392212197417 809.81055178958036 389.5 260
255 PINHOLE 779 520 807.512393590751 809.89662676103285 389.5 260
256 PINHOLE 779 520 808.22093131947008 810.47525469977916 389.5 260
257 PINHOLE 779 520 808.30577360125392 810.64535919128832 389.5 260
258 PINHOLE 779 520 808.16391404422927 810.41080055734801 389.5 260
259 PINHOLE 779 520 807.14907351153863 809.47998179728268 389.5 260
260 PINHOLE 779 520 805.42725536345506 807.42135193718786 389.5 260
261 PINHOLE 779 520 805.31419198253241 807.45893443866782 389.5 260
262 PINHOLE 779 520 805.36297724423855 807.4593042153864 389.5 260
263 PINHOLE 779 520 806.03138012559225 807.74615022740829 389.5 260
264 PINHOLE 779 520 806.02771364949047 807.48747884366003 389.5 260
265 PINHOLE 779 520 805.37600922254603 807.57677549181426 389.5 260
266 PINHOLE 779 520 805.97173747466138 808.39763270578646 389.5 260
267 PINHOLE 779 520 806.44639649336307 808.68555644534285 389.5 260
268 PINHOLE 779 520 806.80551508776182 809.33152555624997 389.5 260
269 PINHOLE 779 520 807.6363942241594 810.35450866415715 389.5 260
270 PINHOLE 779 520 807.70980183518316 810.08310425982063 389.5 260
271 PINHOLE 779 520 807.96565127678116 810.30437789760219 389.5 260
272 PINHOLE 779 520 808.0727854275965 810.21042000475802 389.5 260
273 PINHOLE 779 520 808.49166444018545 809.90349379958366 389.5 260
274 PINHOLE 779 520 806.03428132381191 807.341814661743 389.5 260
275 PINHOLE 779 520 803.47694559493436 804.78909222886307 389.5 260
276 PINHOLE 779 520 797.71399835113186 799.41127927309833 389.5 260
277 PINHOLE 779 520 804.80521274315481 806.75230312611973 389.5 260
278 PINHOLE 779 520 803.01633290154302 805.05591667948011 389.5 260
279 PINHOLE 779 520 803.94179796761637 805.53274457334021 389.5 260
