# Camera list with one line of data per camera:
#   CAMERA_ID, MODEL, WIDTH, HEIGHT, PARAMS[]
# Number of cameras: 240
1 PINHOLE 779 519 799.24553027763386 800.59464294659892 389.5 259.5
2 PINHOLE 779 519 799.04093258510591 801.79838488698192 389.5 259.5
3 PINHOLE 779 519 799.73547417558393 802.44459047023088 389.5 259.5
4 PINHOLE 779 519 799.29039738585755 799.98440634268093 389.5 259.5
5 PINHOLE 779 519 799.43617669711682 800.41058852047752 389.5 259.5
6 PINHOLE 779 519 798.18673762328751 798.63868330279433 389.5 259.5
7 PINHOLE 779 519 797.70128854911479 797.37390596588818 389.5 259.5
8 PINHOLE 779 519 798.16336403759408 797.88852744183305 389.5 259.5
9 PINHOLE 779 519 798.88653402351531 799.08679555502476 389.5 259.5
10 PINHOLE 779 519 798.89894823866166 799.07083743639305 389.5 259.5
11 PINHOLE 779 519 798.13375001577583 797.86602253417516 389.5 259.5
12 PINHOLE 779 519 797.66417367856184 797.56519452614418 389.5 259.5
13 PINHOLE 779 519 797.56719428849055 797.15038697622595 389.5 259.5
14 PINHOLE 779 519 797.4796542016901 796.97957048129615 389.5 259.5
15 PINHOLE 779 519 797.63212797132599 796.83136750797223 389.5 259.5
16 PINHOLE 779 519 797.64421197225909 796.95350477088766 389.5 259.5
17 PINHOLE 779 519 797.60798551207245 796.96881420799446 389.5 259.5
18 PINHOLE 779 519 797.80317831241291 797.67592074853883 389.5 259.5
19 PINHOLE 779 519 796.98753621610342 795.55487871919593 389.5 259.5
20 PINHOLE 779 519 797.23077458181399 795.48226290400601 389.5 259.5
21 PINHOLE 779 519 798.77759129133995 799.28774950304842 389.5 259.5
22 PINHOLE 779 519 798.91345703647016 799.95465313316083 389.5 259.5
23 PINHOLE 779 519 799.10265290586528 800.79184979458864 389.5 259.5
24 PINHOLE 779 519 798.65780540068954 799.55992006523115 389.5 259.5
25 PINHOLE 779 519 798.74357404595071 798.72418338378554 389.5 259.5
26 PINHOLE 779 519 798.88716120177867 798.25232942499576 389.5 259.5
27 PINHOLE 779 519 798.81774266938521 798.2369539574006 389.5 259.5
28 PINHOLE 779 519 798.60773118716031 798.19255022313416 389.5 259.5
29 PINHOLE 779 519 798.68839901651234 797.57678370122721 389.5 259.5
30 PINHOLE 779 519 798.45702548994734 797.83639634366375 389.5 259.5
31 PINHOLE 779 519 798.91105570143588 798.35622351908694 389.5 259.5
32 PINHOLE 779 519 799.13870241786265 798.58241215717521 389.5 259.5
33 PINHOLE 779 519 799.32658219299981 798.8497337501567 389.5 259.5
34 PINHOLE 779 519 799.33641212972316 799.0383699284256 389.5 259.5
35 PINHOLE 779 519 799.03935962343894 798.7713502034045 389.5 259.5
36 PINHOLE 779 519 798.9138348746543 799.32038369952386 389.5 259.5
37 PINHOLE 779 519 798.5551138289278 798.94048413615269 389.5 259.5
38 PINHOLE 779 519 798.95497471415717 800.00544603577612 389.5 259.5
39 PINHOLE 779 519 798.52344227419621 800.46306564385736 389.5 259.5
40 PINHOLE 779 519 797.38946850183822 799.16060725884893 389.5 259.5
41 PINHOLE 779 519 794.0176235749633 791.68664543593422 389.5 259.5
42 PINHOLE 779 519 797.12709945671304 796.77240848100018 389.5 259.5
43 PINHOLE 779 519 795.71240560497461 794.5396877778777 389.5 259.5
44 PINHOLE 779 519 794.58901386261391 792.52881805007439 389.5 259.5
45 PINHOLE 779 519 795.79835884625845 794.48235618541219 389.5 259.5
46 PINHOLE 779 519 796.07322113019291 794.55715950171111 389.5 259.5
47 PINHOLE 779 519 795.30253887900835 793.57031557696871 389.5 259.5
48 PINHOLE 779 519 795.01702696109135 793.40492823948284 389.5 259.5
49 PINHOLE 779 519 796.30854612869712 795.66524473756829 389.5 259.5
50 PINHOLE 779 519 796.87349725970489 796.2084453660176 389.5 259.5
51 PINHOLE 779 519 797.69363780075741 797.42616623476704 389.5 259.5
52 PINHOLE 779 519 797.52596907503778 796.86735015560009 389.5 259.5
53 PINHOLE 779 519 798.10800447559859 797.36291744242385 389.5 259.5
54 PINHOLE 779 519 798.23595352902601 797.56760403114379 389.5 259.5
55 PINHOLE 779 519 798.3741685871554 797.59246171411314 389.5 259.5
56 PINHOLE 779 519 798.71338178376459 797.3487017529178 389.5 259.5
57 PINHOLE 779 519 798.53876583441775 796.77996751845137 389.5 259.5
58 PINHOLE 779 519 798.47444052674791 796.61345141116908 389.5 259.5
59 PINHOLE 779 519 798.23868134446184 796.24241777139775 389.5 259.5
60 PINHOLE 779 519 798.87710151157751 796.65782901780801 389.5 259.5
61 PINHOLE 779 519 798.61486979858523 796.5409033815082 389.5 259.5
62 PINHOLE 779 519 795.54439405020298 792.00687774548544 389.5 259.5
63 PINHOLE 779 519 792.68160140648536 791.68806903259224 389.5 259.5
64 PINHOLE 779 519 791.45900011132733 790.44937184077685 389.5 259.5
65 PINHOLE 779 519 791.36754414487302 789.76041147796934 389.5 259.5
66 PINHOLE 779 519 792.18609430418098 790.62798676003672 389.5 259.5
67 PINHOLE 779 519 793.07716646631673 791.40684913548546 389.5 259.5
68 PINHOLE 779 519 794.63532790804811 792.99167349996742 389.5 259.5
69 PINHOLE 779 519 795.44691394430242 793.79292775752845 389.5 259.5
70 PINHOLE 779 519 796.07043440604048 794.28416448964242 389.5 259.5
71 PINHOLE 779 519 796.51790724162652 795.37102316320488 389.5 259.5
72 PINHOLE 779 519 796.70268984718621 795.88459003246612 389.5 259.5
73 PINHOLE 779 519 796.33855347866063 795.67654765444365 389.5 259.5
74 PINHOLE 779 519 796.59799256663791 796.12884654692652 389.5 259.5
75 PINHOLE 779 519 796.38387037701193 795.61404104400253 389.5 259.5
76 PINHOLE 779 519 796.67223911773488 795.98775170816339 389.5 259.5
77 PINHOLE 779 519 797.05869167858577 796.08561954557979 389.5 259.5
78 PINHOLE 779 519 797.02429489493147 795.95098225638276 389.5 259.5
79 PINHOLE 779 519 797.18647187451722 796.37447315689644 389.5 259.5
80 PINHOLE 779 519 797.37892097463532 796.72971072297617 389.5 259.5
81 PINHOLE 779 519 797.04117310416666 796.24680982565292 389.5 259.5
82 PINHOLE 779 519 797.11649674194825 796.22819616723564 389.5 259.5
83 PINHOLE 779 519 797.03012792684103 796.17214969990675 389.5 259.5
84 PINHOLE 779 519 796.96955424116959 796.29280086313577 389.5 259.5
85 PINHOLE 779 519 797.21172452602661 796.57545088578775 389.5 259.5
86 PINHOLE 779 519 797.29076015848966 796.3953251504953 389.5 259.5
87 PINHOLE 779 519 797.08860182861133 795.92369790397038 389.5 259.5
88 PINHOLE 779 519 797.51008376332516 796.08779856939088 389.5 259.5
89 PINHOLE 779 519 797.36539353534181 796.29371079578107 389.5 259.5
90 PINHOLE 779 519 798.3957832709948 797.51011803610174 389.5 259.5
91 PINHOLE 779 519 797.44418591796853 796.48740585161613 389.5 259.5
92 PINHOLE 779 519 798.07063418477776 797.39813157893127 389.5 259.5
93 PINHOLE 779 519 797.9431951201027 796.90582743490165 389.5 259.5
94 PINHOLE 779 519 798.21591821153743 797.2561720705977 389.5 259.5
95 PINHOLE 779 519 798.13255671582954 797.38998774760739 389.5 259.5
96 PINHOLE 779 519 797.39059568707148 796.42156059020226 389.5 259.5
97 PINHOLE 779 519 797.87934930091797 796.67148364331547 389.5 259.5
98 PINHOLE 779 519 797.71129268006723 796.40385122969383 389.5 259.5
99 PINHOLE 779 519 797.50667043290684 796.17651542037834 389.5 259.5
100 PINHOLE 779 519 798.13758941514868 797.00971147115331 389.5 259.5
101 PINHOLE 779 519 797.98805886205503 797.12903370813501 389.5 259.5
102 PINHOLE 779 519 798.18996726675744 797.13676623847891 389.5 259.5
103 PINHOLE 779 519 798.18670733562362 796.56273514043028 389.5 259.5
104 PINHOLE 779 519 798.24290645294263 796.8277986728956 389.5 259.5
105 PINHOLE 779 519 798.02176280354524 795.9244943582803 389.5 259.5
106 PINHOLE 779 519 798.12849125571313 796.15941120329842 389.5 259.5
107 PINHOLE 779 519 798.1583789527557 796.13791867771363 389.5 259.5
108 PINHOLE 779 519 797.94554495833631 795.83474885927683 389.5 259.5
109 PINHOLE 779 519 797.83417484795393 795.76554709229879 389.5 259.5
110 PINHOLE 779 519 797.57454231546001 795.19627378507164 389.5 259.5
111 PINHOLE 779 519 796.96547042142777 794.6910934060852 389.5 259.5
112 PINHOLE 779 519 796.80526689665999 795.18720348946476 389.5 259.5
113 PINHOLE 779 519 796.47692532763722 795.27675351812991 389.5 259.5
114 PINHOLE 779 519 797.6523099733871 797.14416188006066 389.5 259.5
115 PINHOLE 779 519 796.06312562697212 793.91894995825828 389.5 259.5
116 PINHOLE 779 519 795.92182920149594 793.81287415392683 389.5 259.5
117 PINHOLE 779 519 795.99706815621732 794.98256736697761 389.5 259.5
118 PINHOLE 779 519 796.15963809856839 794.21136571234968 389.5 259.5
119 PINHOLE 779 519 795.73946654375243 793.24452838908906 389.5 259.5
120 PINHOLE 779 519 795.79924968674925 793.32171952588817 389.5 259.5
121 PINHOLE 779 519 796.644180968402 794.30619123260487 389.5 259.5
122 PINHOLE 779 519 797.16426838645418 794.7422296063686 389.5 259.5
123 PINHOLE 779 519 797.3669533900827 795.19848144243383 389.5 259.5
124 PINHOLE 779 519 797.57264852957439 795.51280266214189 389.5 259.5
125 PINHOLE 779 519 797.45313147361981 795.58869857344348 389.5 259.5
126 PINHOLE 779 519 797.54347705985288 795.82180129904441 389.5 259.5
127 PINHOLE 779 519 797.45177965543292 795.53719952479719 389.5 259.5
128 PINHOLE 779 519 797.46918282289641 795.49537928735037 389.5 259.5
129 PINHOLE 779 519 797.67171764806812 795.71357362781725 389.5 259.5
130 PINHOLE 779 519 797.8167951897326 795.85322761826581 389.5 259.5
131 PINHOLE 779 519 798.02170927625457 796.10012533251779 389.5 259.5
132 PINHOLE 779 519 797.80361642157663 795.98800635828502 389.5 259.5
133 PINHOLE 779 519 798.22228027082633 796.365966213761 389.5 259.5
134 PINHOLE 779 519 798.40554252545553 796.92748761907797 389.5 259.5
135 PINHOLE 779 519 798.52724649796244 797.14410047046408 389.5 259.5
136 PINHOLE 779 519 798.10656114689721 796.9341475489116 389.5 259.5
137 PINHOLE 779 519 798.92789440608772 798.20761370377647 389.5 259.5
138 PINHOLE 779 519 798.37408674842038 797.39750255661704 389.5 259.5
139 PINHOLE 779 519 798.11018754578697 796.96187795965182 389.5 259.5
140 PINHOLE 779 519 797.66902778584029 796.34117818205118 389.5 259.5
141 PINHOLE 779 519 797.39119222251054 795.81457668399014 389.5 259.5
142 PINHOLE 779 519 796.88831963195867 794.99725352272071 389.5 259.5
143 PINHOLE 779 519 795.91803505405403 793.40947854423177 389.5 259.5
144 PINHOLE 779 519 795.78741542851265 793.55864063596107 389.5 259.5
145 PINHOLE 779 519 797.1035294310874 795.07636178191331 389.5 259.5
146 PINHOLE 779 519 797.54010496157798 795.9850228480974 389.5 259.5
147 PINHOLE 779 519 797.27744775835583 795.50921456157107 389.5 259.5
148 PINHOLE 779 519 797.7075304548232 796.49378068223064 389.5 259.5
149 PINHOLE 779 519 797.48842541300689 796.46963187651056 389.5 259.5
150 PINHOLE 779 519 797.5674918396536 796.27887904296176 389.5 259.5
151 PINHOLE 779 519 797.47599037518592 795.95796010683625 389.5 259.5
152 PINHOLE 779 519 797.89333302966884 797.05336730454997 389.5 259.5
153 PINHOLE 779 519 797.64863798592614 796.51231188013355 389.5 259.5
154 PINHOLE 779 519 797.45478747936613 796.31384146402547 389.5 259.5
155 PINHOLE 779 519 797.77103640625853 796.07435017567479 389.5 259.5
156 PINHOLE 779 519 797.99886218713823 796.55255597804421 389.5 259.5
157 PINHOLE 779 519 797.77617724655511 796.17076061254795 389.5 259.5
158 PINHOLE 779 519 797.84859528541995 796.23656889683411 389.5 259.5
159 PINHOLE 779 519 798.44496620275243 796.9789278097079 389.5 259.5
160 PINHOLE 779 519 798.53842622533011 797.67540320912894 389.5 259.5
161 PINHOLE 779 519 798.08904565089654 797.52675058795705 389.5 259.5
162 PINHOLE 779 519 798.48475607256728 798.98755034016085 389.5 259.5
163 PINHOLE 779 519 798.0984294191054 798.82064631919889 389.5 259.5
164 PINHOLE 779 519 797.26743873522344 798.58533239562587 389.5 259.5
165 PINHOLE 779 519 797.29407414173102 798.96802939321469 389.5 259.5
166 PINHOLE 779 519 797.25504571948704 798.88812925538889 389.5 259.5
167 PINHOLE 779 519 797.66317095003706 799.05971075566219 389.5 259.5
168 PINHOLE 779 519 797.69503135189007 796.75616343740433 389.5 259.5
169 PINHOLE 779 519 797.15828390257934 796.02002945759341 389.5 259.5
170 PINHOLE 779 519 797.01012845578362 795.86916415451333 389.5 259.5
171 PINHOLE 779 519 798.43638361228784 797.71307868104623 389.5 259.5
172 PINHOLE 779 519 798.45417640653238 797.55928713238029 389.5 259.5
173 PINHOLE 779 519 798.21103626911099 797.2406797307641 389.5 259.5
174 PINHOLE 779 519 798.84170025580295 797.98007703228086 389.5 259.5
175 PINHOLE 779 519 798.41508368793336 797.09212925667555 389.5 259.5
176 PINHOLE 779 519 798.00401887579869 796.83061662106763 389.5 259.5
177 PINHOLE 779 519 798.00841031391428 796.90055648474276 389.5 259.5
178 PINHOLE 779 519 798.09828614217759 797.33262735731182 389.5 259.5
179 PINHOLE 779 519 798.15626705098168 797.27165677654818 389.5 259.5
180 PINHOLE 779 519 798.22217207292556 797.15232701078048 389.5 259.5
181 PINHOLE 779 519 798.45723516484475 797.31253911714259 389.5 259.5
182 PINHOLE 779 519 798.58574005981495 797.56866288063145 389.5 259.5
183 PINHOLE 779 519 799.0329405999945 798.27199597836398 389.5 259.5
184 PINHOLE 779 519 798.81936109082301 797.62951826611732 389.5 259.5
185 PINHOLE 779 519 799.36463251805287 798.39904810895064 389.5 259.5
186 PINHOLE 779 519 799.45130094976025 798.42481756598431 389.5 259.5
187 PINHOLE 779 519 799.70588037198661 798.79091320487032 389.5 259.5
188 PINHOLE 779 519 799.49894044148618 798.60913239265142 389.5 259.5
189 PINHOLE 779 519 799.26087495428942 798.77480172846629 389.5 259.5
190 PINHOLE 779 519 799.12352942238431 798.12536671710677 389.5 259.5
191 PINHOLE 779 519 798.90265950412447 798.42478701254629 389.5 259.5
192 PINHOLE 779 519 799.49156834363487 798.62468166312033 389.5 259.5
193 PINHOLE 779 519 799.2156411061311 798.77877212463079 389.5 259.5
194 PINHOLE 779 519 799.07396359967083 799.14418055296073 389.5 259.5
195 PINHOLE 779 519 798.76437748022204 798.70790584658914 389.5 259.5
196 PINHOLE 779 519 798.5043655377392 798.26626514239035 389.5 259.5
197 PINHOLE 779 519 798.12818133640133 797.58387911242164 389.5 259.5
198 PINHOLE 779 519 798.73747724445593 798.2134997314846 389.5 259.5
199 PINHOLE 779 519 798.89201277409779 798.51585675452566 389.5 259.5
200 PINHOLE 779 519 798.48129215269523 797.82172659894877 389.5 259.5
201 PINHOLE 779 519 798.29827649734682 797.22897957503562 389.5 259.5
202 PINHOLE 779 519 798.44964939995054 797.5998097410303 389.5 259.5
203 PINHOLE 779 519 798.47284991026243 797.33208695181656 389.5 259.5
204 PINHOLE 779 519 798.33980163278306 797.71200471070506 389.5 259.5
205 PINHOLE 779 519 798.64566356097635 798.17787614973315 389.5 259.5
206 PINHOLE 779 519 798.79875107135047 798.24138598085574 389.5 259.5
207 PINHOLE 779 519 798.64570951392272 798.00150160044893 389.5 259.5
208 PINHOLE 779 519 798.73734826322504 798.14313332736117 389.5 259.5
209 PINHOLE 779 519 799.13722736501643 798.64684583100905 389.5 259.5
210 PINHOLE 779 519 798.96438521746484 798.39621625370739 389.5 259.5
211 PINHOLE 779 519 799.01761291632806 798.54069847721098 389.5 259.5
212 PINHOLE 779 519 799.21287052577065 798.92549640905963 389.5 259.5
213 PINHOLE 779 519 798.84477757298566 798.49403518950339 389.5 259.5
214 PINHOLE 779 519 798.69354167281404 797.85404071467008 389.5 259.5
215 PINHOLE 779 519 798.8538782973668 798.34154101281786 389.5 259.5
216 PINHOLE 779 519 798.56723834564093 797.85558093498662 389.5 259.5
217 PINHOLE 779 519 798.59961577950958 798.24218567944206 389.5 259.5
218 PINHOLE 779 519 798.10615519331418 797.45962623916262 389.5 259.5
219 PINHOLE 779 519 798.53041728469941 798.38271265214803 389.5 259.5
220 PINHOLE 779 519 798.40349641457578 798.25200435088857 389.5 259.5
221 PINHOLE 779 519 797.91371097170224 798.5584565112589 389.5 259.5
222 PINHOLE 779 519 798.30196745540161 798.2957658007814 389.5 259.5
223 PINHOLE 779 519 797.84038543657721 797.6480353012962 389.5 259.5
224 PINHOLE 779 519 798.35139781615214 798.72742255946412 389.5 259.5
225 PINHOLE 779 519 798.14370538409185 797.8669684053848 389.5 259.5
226 PINHOLE 779 519 797.89023229869213 798.00790325497906 389.5 259.5
227 PINHOLE 779 519 797.94960033619509 798.19781261191986 389.5 259.5
228 PINHOLE 779 519 798.29637316988101 798.87897477494346 389.5 259.5
229 PINHOLE 779 519 799.588337524861 800.40048250426946 389.5 259.5
230 PINHOLE 779 519 798.67381881410165 798.18846351674858 389.5 259.5
231 PINHOLE 779 519 798.38482004138746 797.93020328906448 389.5 259.5
232 PINHOLE 779 519 796.68576627479706 795.87416590871567 389.5 259.5
233 PINHOLE 779 519 795.72029585893165 793.6057256196367 389.5 259.5
234 PINHOLE 779 519 796.26222804521842 793.58311162400605 389.5 259.5
235 PINHOLE 779 519 797.39888913989296 795.00116235594407 389.5 259.5
236 PINHOLE 779 519 797.50034486367304 796.18968222248554 389.5 259.5
237 PINHOLE 779 519 797.6302952039174 797.38715063552547 389.5 259.5
238 PINHOLE 779 519 799.36604738633707 798.75838875996624 389.5 259.5
239 PINHOLE 779 519 798.12946674664829 796.62934690846498 389.5 259.5
240 PINHOLE 779 519 798.55659294143948 797.9001431010613 389.5 259.5
