# Camera list with one line of data per camera:
#   CAMERA_ID, MODEL, WIDTH, HEIGHT, PARAMS[]
# Number of cameras: 194
1 PINHOLE 1237 822 1160.8087087360202 1161.7366366606209 618.5 411
2 PINHOLE 1237 822 1159.4252742325532 1161.3157133410018 618.5 411
3 PINHOLE 1237 822 1160.1505204924501 1161.087481600232 618.5 411
4 PINHOLE 1237 822 1159.6217099812068 1163.0459137097898 618.5 411
5 PINHOLE 1237 822 1162.1054019432288 1162.1102712116237 618.5 411
6 PINHOLE 1237 822 1160.8384667704863 1164.5332982046502 618.5 411
7 PINHOLE 1237 822 1161.6283121258241 1160.9203007596529 618.5 411
8 PINHOLE 1237 822 1160.6630435506722 1164.094868379872 618.5 411
9 PINHOLE 1237 822 1160.6353358694159 1159.9154278638582 618.5 411
10 PINHOLE 1237 822 1159.9609234785112 1163.0815547369352 618.5 411
11 PINHOLE 1237 822 1164.2335509578104 1163.0404084497354 618.5 411
12 PINHOLE 1237 822 1157.1269430699056 1158.4802693254198 618.5 411
13 PINHOLE 1237 822 1164.4466318429804 1163.0392088930012 618.5 411
14 PINHOLE 1237 822 1160.6902934630334 1161.4929348297403 618.5 411
15 PINHOLE 1237 822 1162.9974348376506 1163.2883882489477 618.5 411
16 PINHOLE 1237 822 1160.033257503474 1163.5378313012388 618.5 411
17 PINHOLE 1237 822 1163.0035304724395 1163.1060921176029 618.5 411
18 PINHOLE 1237 822 1159.8154006181828 1164.5276888322132 618.5 411
19 PINHOLE 1237 822 1162.1112650811197 1160.9198780481745 618.5 411
20 PINHOLE 1237 822 1165.1720809656836 1171.3072132251011 618.5 411
21 PINHOLE 1237 822 1162.837065600155 1162.7839782465001 618.5 411
22 PINHOLE 1237 822 1165.3660892992123 1167.7175820982727 618.5 411
23 PINHOLE 1237 822 1161.4244904666834 1160.6381605362697 618.5 411
24 PINHOLE 1237 822 1162.8967272820078 1164.4677521495435 618.5 411
25 PINHOLE 1237 822 1161.0417690073448 1159.7582461813258 618.5 411
26 PINHOLE 1237 822 1167.2085193092423 1169.6261340316451 618.5 411
27 PINHOLE 1237 822 1160.0440225123189 1157.7111018252263 618.5 411
28 PINHOLE 1237 822 1160.1505939585998 1161.5748103358201 618.5 411
29 PINHOLE 1237 822 1161.5691879825747 1159.8226528679302 618.5 411
30 PINHOLE 1237 822 1160.8586287220512 1161.9792712893598 618.5 411
31 PINHOLE 1237 822 1160.0752521437457 1160.0694432337548 618.5 411
32 PINHOLE 1237 822 1159.4535711716132 1160.38447106793 618.5 411
33 PINHOLE 1237 822 1161.8083863487479 1160.7625695457602 618.5 411
34 PINHOLE 1237 822 1160.0509249319991 1160.8147578550772 618.5 411
35 PINHOLE 1237 822 1162.3986377505557 1159.82552607811 618.5 411
36 PINHOLE 1237 822 1160.8969383976819 1161.9986397431901 618.5 411
37 PINHOLE 1237 822 1162.8942393544592 1161.4931011661017 618.5 411
38 PINHOLE 1237 822 1161.8584216742995 1162.6780259853297 618.5 411
39 PINHOLE 1237 822 1162.8770738405656 1162.6001026128147 618.5 411
40 PINHOLE 1237 822 1162.4129630918178 1163.0630480413633 618.5 411
41 PINHOLE 1237 822 1162.3533524106526 1161.6010636841002 618.5 411
42 PINHOLE 1237 822 1159.6492368654447 1161.8560865207291 618.5 411
43 PINHOLE 1237 822 1160.6471007629439 1158.6659993820706 618.5 411
44 PINHOLE 1237 822 1159.5024873938953 1161.8830241027633 618.5 411
45 PINHOLE 1237 822 1160.2019614404094 1160.1285519964699 618.5 411
46 PINHOLE 1237 822 1159.6865122419254 1161.1798237303378 618.5 411
47 PINHOLE 1237 822 1161.2354517076274 1161.094493278621 618.5 411
48 PINHOLE 1237 822 1160.0151558014184 1162.7879909154608 618.5 411
49 PINHOLE 1237 822 1162.4805087286582 1161.5255536052382 618.5 411
50 PINHOLE 1237 822 1159.3244201634493 1159.2216835421975 618.5 411
51 PINHOLE 1237 822 1162.6645957062099 1162.6098419921705 618.5 411
52 PINHOLE 1237 822 1159.0774499530182 1160.8623288424485 618.5 411
53 PINHOLE 1237 822 1163.336912273212 1162.6181987779723 618.5 411
54 PINHOLE 1237 822 1159.5840773102796 1160.6961192545241 618.5 411
55 PINHOLE 1237 822 1162.7342734318222 1161.3216829242963 618.5 411
56 PINHOLE 1237 822 1158.3629951010928 1159.0101487954737 618.5 411
57 PINHOLE 1237 822 1162.2649271730925 1162.5420516364263 618.5 411
58 PINHOLE 1237 822 1158.8841980177419 1159.0931434798774 618.5 411
59 PINHOLE 1237 822 1162.112233339421 1164.2880842383368 618.5 411
60 PINHOLE 1237 822 1159.6231905060299 1159.5705321719677 618.5 411
61 PINHOLE 1237 822 1161.2913026960571 1161.1375231194277 618.5 411
62 PINHOLE 1237 822 1161.5200799889399 1163.4843091446542 618.5 411
63 PINHOLE 1237 822 1162.8524201521086 1162.8965045975956 618.5 411
64 PINHOLE 1237 822 1159.2827703583685 1160.8673367438907 618.5 411
65 PINHOLE 1237 822 1162.5985581974978 1163.9068488062092 618.5 411
66 PINHOLE 1237 822 1159.311798491347 1162.411771546306 618.5 411
67 PINHOLE 1237 822 1162.3492689040665 1163.4545275581054 618.5 411
68 PINHOLE 1237 822 1159.0221311892769 1161.5334269960215 618.5 411
69 PINHOLE 1237 822 1163.4345927917216 1164.1329654744491 618.5 411
70 PINHOLE 1237 822 1160.2487999847483 1161.7056467253044 618.5 411
71 PINHOLE 1237 822 1165.2893365776335 1164.9639633365114 618.5 411
72 PINHOLE 1237 822 1161.7900082218516 1164.4825080206799 618.5 411
73 PINHOLE 1237 822 1162.7577323018845 1162.966286989918 618.5 411
74 PINHOLE 1237 822 1162.1897866011848 1162.4780762696673 618.5 411
75 PINHOLE 1237 822 1164.6524920600136 1164.3974141595718 618.5 411
76 PINHOLE 1237 822 1159.4809171696461 1159.3968058501059 618.5 411
77 PINHOLE 1237 822 1164.7086479449963 1162.7082185563575 618.5 411
78 PINHOLE 1237 822 1159.0854321606325 1159.6724175938043 618.5 411
79 PINHOLE 1237 822 1166.5496859661789 1164.9330441886295 618.5 411
80 PINHOLE 1237 822 1162.0203380954997 1161.4086056844687 618.5 411
81 PINHOLE 1237 822 1162.1420929312767 1160.8568280400709 618.5 411
82 PINHOLE 1237 822 1159.1504208054571 1159.4988871655389 618.5 411
83 PINHOLE 1237 822 1159.927418493982 1157.0661504302218 618.5 411
84 PINHOLE 1237 822 1159.3184398570995 1159.611188781814 618.5 411
85 PINHOLE 1237 822 1166.0331602318649 1166.8334214666743 618.5 411
86 PINHOLE 1237 822 1161.0405358121902 1162.9105061255345 618.5 411
87 PINHOLE 1237 822 1162.6060898939868 1161.0931879040381 618.5 411
88 PINHOLE 1237 822 1159.5550462619617 1161.1907413887764 618.5 411
89 PINHOLE 1237 822 1163.6979865752978 1162.2255681468994 618.5 411
90 PINHOLE 1237 822 1160.3858799179759 1161.2625916519366 618.5 411
91 PINHOLE 1237 822 1162.2311712496062 1161.0825061025357 618.5 411
92 PINHOLE 1237 822 1159.0928121589977 1160.9016725180891 618.5 411
93 PINHOLE 1237 822 1161.3818947771774 1160.1577082781946 618.5 411
94 PINHOLE 1237 822 1159.6536962227569 1161.0314849610795 618.5 411
95 PINHOLE 1237 822 1161.9372084215147 1161.2820821240834 618.5 411
96 PINHOLE 1237 822 1160.7666352590136 1161.95093084379 618.5 411
97 PINHOLE 1237 822 1161.2239455712147 1159.4957792611413 618.5 411
98 PINHOLE 1237 822 1159.5914209951763 1161.474329254185 618.5 411
99 PINHOLE 1237 822 1162.1796419385053 1161.6451085770454 618.5 411
100 PINHOLE 1237 822 1159.4662046899093 1159.3417189594859 618.5 411
101 PINHOLE 1237 822 1165.8715127728121 1165.5750962320517 618.5 411
102 PINHOLE 1237 822 1161.5765516681124 1162.1256328083223 618.5 411
103 PINHOLE 1237 822 1165.3319782542462 1164.5796929665648 618.5 411
104 PINHOLE 1237 822 1161.8409265817825 1162.8414877456494 618.5 411
105 PINHOLE 1237 822 1163.6717578041232 1162.316929848515 618.5 411
106 PINHOLE 1237 822 1161.7363105368124 1160.4440290330788 618.5 411
107 PINHOLE 1237 822 1164.9913435345129 1165.9489710018022 618.5 411
108 PINHOLE 1237 822 1162.4624613710191 1164.4888610643422 618.5 411
109 PINHOLE 1237 822 1164.0130090134194 1164.4355029137992 618.5 411
110 PINHOLE 1237 822 1161.992820943221 1164.9106656702102 618.5 411
111 PINHOLE 1237 822 1165.7547119675701 1166.019937821269 618.5 411
112 PINHOLE 1237 822 1162.1437514268357 1163.509646519906 618.5 411
113 PINHOLE 1237 822 1165.0759984219098 1164.7197582304107 618.5 411
114 PINHOLE 1237 822 1162.6056536106382 1163.6342364124368 618.5 411
115 PINHOLE 1237 822 1166.6746723710773 1167.9570574210245 618.5 411
116 PINHOLE 1237 822 1160.9459002240669 1160.9638400906556 618.5 411
117 PINHOLE 1237 822 1165.7466951030615 1164.8120901214911 618.5 411
118 PINHOLE 1237 822 1162.2763479718199 1162.1083625212452 618.5 411
119 PINHOLE 1237 822 1165.7763319379487 1164.6424364403242 618.5 411
120 PINHOLE 1237 822 1162.5605272497346 1163.557993716807 618.5 411
121 PINHOLE 1237 822 1165.8040381525861 1164.3243334104443 618.5 411
122 PINHOLE 1237 822 1162.436110303066 1162.7348699536321 618.5 411
123 PINHOLE 1237 822 1166.3278330459787 1164.6330905533243 618.5 411
124 PINHOLE 1237 822 1160.625277399882 1162.0462458111074 618.5 411
125 PINHOLE 1237 822 1165.8877520319913 1165.4507374220134 618.5 411
126 PINHOLE 1237 822 1161.9680355263331 1163.3078299875035 618.5 411
127 PINHOLE 1237 822 1162.4110151296165 1161.3131474560316 618.5 411
128 PINHOLE 1237 822 1159.2773420284364 1159.0588867693004 618.5 411
129 PINHOLE 1237 822 1164.6784612722456 1164.5580473660059 618.5 411
130 PINHOLE 1237 822 1162.8222707152363 1163.4232207418941 618.5 411
131 PINHOLE 1237 822 1165.6921442719695 1165.9755008158306 618.5 411
132 PINHOLE 1237 822 1161.2235998481979 1162.3363390687844 618.5 411
133 PINHOLE 1237 822 1166.9389441274743 1168.0392766154503 618.5 411
134 PINHOLE 1237 822 1161.9215459722502 1162.8103200383309 618.5 411
135 PINHOLE 1237 822 1165.1216641897213 1164.3686401720065 618.5 411
136 PINHOLE 1237 822 1159.7650623704446 1160.1140273041465 618.5 411
137 PINHOLE 1237 822 1166.7643172120399 1165.8334288042283 618.5 411
138 PINHOLE 1237 822 1162.0301353129259 1162.4157089793139 618.5 411
139 PINHOLE 1237 822 1163.8383257846735 1161.9508113808965 618.5 411
140 PINHOLE 1237 822 1163.1334130118696 1162.6282957498829 618.5 411
141 PINHOLE 1237 822 1163.5507900430905 1161.8230300436526 618.5 411
142 PINHOLE 1237 822 1162.7228459120881 1163.5061749672657 618.5 411
143 PINHOLE 1237 822 1167.9154445051508 1169.3055679851843 618.5 411
144 PINHOLE 1237 822 1162.5510898022953 1163.0572309868185 618.5 411
145 PINHOLE 1237 822 1165.6335716743024 1167.1267164329829 618.5 411
146 PINHOLE 1237 822 1163.3896505197274 1165.4965927275375 618.5 411
147 PINHOLE 1237 822 1165.2314657443894 1165.2399878311733 618.5 411
148 PINHOLE 1237 822 1164.2717681234806 1168.2231054853048 618.5 411
149 PINHOLE 1237 822 1166.0432964897814 1166.3847501775028 618.5 411
150 PINHOLE 1237 822 1162.3939252093896 1163.1660221844554 618.5 411
151 PINHOLE 1237 822 1164.6794911400659 1163.8744833048934 618.5 411
152 PINHOLE 1237 822 1163.7447930797982 1165.3223207790711 618.5 411
153 PINHOLE 1237 822 1165.2562978738827 1165.3386310927531 618.5 411
154 PINHOLE 1237 822 1162.3385183365117 1164.1012645372325 618.5 411
155 PINHOLE 1237 822 1166.2847543803405 1166.3844241642116 618.5 411
156 PINHOLE 1237 822 1162.4127524167029 1163.9008757492413 618.5 411
157 PINHOLE 1237 822 1165.8517399136033 1165.126649350811 618.5 411
158 PINHOLE 1237 822 1163.1705318938464 1164.513566547691 618.5 411
159 PINHOLE 1237 822 1164.8697396537843 1162.7919747937631 618.5 411
160 PINHOLE 1237 822 1162.72388179615 1164.0735576350003 618.5 411
161 PINHOLE 1237 822 1163.2275641143149 1160.6392051569871 618.5 411
162 PINHOLE 1237 822 1162.7970825846878 1163.542222367797 618.5 411
163 PINHOLE 1237 822 1163.8669930338945 1161.0102694109969 618.5 411
164 PINHOLE 1237 822 1163.7362341091548 1164.3424213485544 618.5 411
165 PINHOLE 1237 822 1164.9073967746522 1162.4600885480663 618.5 411
166 PINHOLE 1237 822 1162.4878282697116 1163.0029235305474 618.5 411
167 PINHOLE 1237 822 1164.3428183062153 1163.3548879812301 618.5 411
168 PINHOLE 1237 822 1162.3012064431541 1163.7581021514914 618.5 411
169 PINHOLE 1237 822 1165.9979971255841 1165.1088267328571 618.5 411
170 PINHOLE 1237 822 1164.0824350516739 1165.6297272457748 618.5 411
171 PINHOLE 1237 822 1167.4336540712075 1169.0416633236036 618.5 411
172 PINHOLE 1237 822 1163.1808190716788 1165.2572601609947 618.5 411
173 PINHOLE 1237 822 1165.7143842035994 1164.7447148499455 618.5 411
174 PINHOLE 1237 822 1161.4921098251 1161.78646496545 618.5 411
175 PINHOLE 1237 822 1165.1195916506745 1164.7792823955617 618.5 411
176 PINHOLE 1237 822 1160.6184976255206 1162.7981936633589 618.5 411
177 PINHOLE 1237 822 1164.6586197955155 1164.3300484004765 618.5 411
178 PINHOLE 1237 822 1159.6353748823981 1161.8202088239577 618.5 411
179 PINHOLE 1237 822 1165.783088362909 1165.5741794013372 618.5 411
180 PINHOLE 1237 822 1160.5000595340514 1163.0236662376908 618.5 411
181 PINHOLE 1237 822 1166.1475493947451 1165.6812430508892 618.5 411
182 PINHOLE 1237 822 1162.7716247815713 1161.6698449890735 618.5 411
183 PINHOLE 1237 822 1162.31826070901 1161.8523363529082 618.5 411
184 PINHOLE 1237 822 1163.4572074055861 1163.2960765332839 618.5 411
185 PINHOLE 1237 822 1164.3341456613409 1162.7014489543246 618.5 411
186 PINHOLE 1237 822 1167.3303164601302 1165.5628679661602 618.5 411
187 PINHOLE 1237 822 1166.6802885281388 1165.0506408912638 618.5 411
188 PINHOLE 1237 822 1165.9508220644907 1163.9197700568493 618.5 411
189 PINHOLE 1237 822 1162.6422006422599 1160.7188744884834 618.5 411
190 PINHOLE 1237 822 1163.9583564557277 1162.8110501719218 618.5 411
191 PINHOLE 1237 822 1164.0465422427903 1163.1271926103859 618.5 411
192 PINHOLE 1237 822 1166.7332028817614 1167.2616982492766 618.5 411
193 PINHOLE 1237 822 1167.14352075632 1167.8122132179258 618.5 411
194 PINHOLE 1237 822 1165.7085335241577 1165.7597687254397 618.5 411
