# Camera list with one line of data per camera:
#   CAMERA_ID, MODEL, WIDTH, HEIGHT, PARAMS[]
# Number of cameras: 193
1 PINHOLE 618 411 584.67443483041109 584.11543951957117 309 205.5
2 PINHOLE 618 411 583.03829558428868 583.83082633697893 309 205.5
3 PINHOLE 618 411 582.56267023118176 583.8390008204816 309 205.5
4 PINHOLE 618 411 582.70422367098354 585.09919500783747 309 205.5
5 PINHOLE 618 411 581.43630803823362 584.07846695918897 309 205.5
6 PINHOLE 618 411 581.92438487817446 585.64850662769095 309 205.5
7 PINHOLE 618 411 582.88749167728395 584.91098328111286 309 205.5
8 PINHOLE 618 411 581.73972000402864 583.6212147888765 309 205.5
9 PINHOLE 618 411 582.57632962344962 584.66851187887482 309 205.5
10 PINHOLE 618 411 580.75969408066089 585.17488278776625 309 205.5
11 PINHOLE 618 411 583.00008777972869 583.23764678409339 309 205.5
13 PINHOLE 618 411 584.39273653064322 583.65477284083317 309 205.5
14 PINHOLE 618 411 583.5016304316199 582.60764741745129 309 205.5
15 PINHOLE 618 411 582.54955697589514 584.62822387567564 309 205.5
16 PINHOLE 618 411 582.77158440165181 584.36585977194943 309 205.5
17 PINHOLE 618 411 582.72153644767047 582.8567563489795 309 205.5
18 PINHOLE 618 411 581.57749708218239 583.27408888009768 309 205.5
19 PINHOLE 618 411 582.66492150685747 583.30901011189269 309 205.5
20 PINHOLE 618 411 583.80464267795821 586.29623975795096 309 205.5
21 PINHOLE 618 411 582.73067067637373 582.7892147992975 309 205.5
22 PINHOLE 618 411 581.16258840686237 582.79533267582087 309 205.5
23 PINHOLE 618 411 582.1852753739438 581.87162246386583 309 205.5
24 PINHOLE 618 411 582.79602766166761 583.91443677229199 309 205.5
25 PINHOLE 618 411 582.13280230187024 582.86427848694791 309 205.5
26 PINHOLE 618 411 586.46112905277528 587.45547607936032 309 205.5
27 PINHOLE 618 411 582.08940906757709 581.69459680184923 309 205.5
28 PINHOLE 618 411 582.4228852385404 583.52077806479895 309 205.5
29 PINHOLE 618 411 582.91513659422196 583.94561003140996 309 205.5
30 PINHOLE 618 411 582.24753937809965 583.02135241018277 309 205.5
31 PINHOLE 618 411 581.53403921879408 584.50817590232623 309 205.5
32 PINHOLE 618 411 581.15359590339176 582.40929095749266 309 205.5
33 PINHOLE 618 411 581.07457508758455 586.21027186815661 309 205.5
34 PINHOLE 618 411 579.72741978309398 583.96927933680718 309 205.5
35 PINHOLE 618 411 579.75890397495687 584.68866313858507 309 205.5
36 PINHOLE 618 411 578.38200095582442 583.86062048992756 309 205.5
37 PINHOLE 618 411 581.55693056744838 587.04050374795418 309 205.5
38 PINHOLE 618 411 559.44835582130031 513.04930445798925 309 205.5
39 PINHOLE 618 411 534.90724254761744 537.03861414509515 309 205.5
40 PINHOLE 618 411 537.6799550659498 537.08768854221034 309 205.5
41 PINHOLE 618 411 593.87571974682578 496.33896531639868 309 205.5
42 PINHOLE 618 411 531.16793771400239 525.96445646200425 309 205.5
43 PINHOLE 618 411 586.68496724728652 585.15091715339724 309 205.5
44 PINHOLE 618 411 586.23396484758928 585.65893726069726 309 205.5
45 PINHOLE 618 411 586.37512771014656 584.09621231117592 309 205.5
46 PINHOLE 618 411 586.22977052843351 586.32238662133625 309 205.5
47 PINHOLE 618 411 584.38042325605011 584.39277080475233 309 205.5
48 PINHOLE 618 411 583.9962569092263 585.71760875695702 309 205.5
49 PINHOLE 618 411 583.99027105923687 584.68702819740031 309 205.5
50 PINHOLE 618 411 583.62352225951543 583.56348275468963 309 205.5
51 PINHOLE 618 411 583.56953939328287 585.10784205806658 309 205.5
52 PINHOLE 618 411 582.17250366228097 583.9076210924577 309 205.5
53 PINHOLE 618 411 583.15027723821822 584.72667506004996 309 205.5
54 PINHOLE 618 411 582.08140642960552 584.54109356658978 309 205.5
55 PINHOLE 618 411 582.69507248428943 583.95078096718362 309 205.5
56 PINHOLE 618 411 581.1619808985696 583.53362939173041 309 205.5
57 PINHOLE 618 411 582.91025723521773 585.00509963705747 309 205.5
58 PINHOLE 618 411 581.60287746591894 583.09703701327203 309 205.5
59 PINHOLE 618 411 582.23960011381644 585.17343396726801 309 205.5
60 PINHOLE 618 411 581.24388782478684 580.8579104364062 309 205.5
61 PINHOLE 618 411 581.99842391837524 583.13396731793841 309 205.5
62 PINHOLE 618 411 582.45768842144093 583.79952018604524 309 205.5
63 PINHOLE 618 411 582.71151576757507 583.41313413186538 309 205.5
64 PINHOLE 618 411 581.0311139606963 581.97906875603803 309 205.5
65 PINHOLE 618 411 582.50361754372318 584.13034736430063 309 205.5
66 PINHOLE 618 411 580.60988903232112 583.13198930707142 309 205.5
67 PINHOLE 618 411 582.57381135299579 583.81358642074099 309 205.5
68 PINHOLE 618 411 580.89492827333277 582.66509845116195 309 205.5
69 PINHOLE 618 411 583.35561066802029 583.70613290453286 309 205.5
70 PINHOLE 618 411 582.0092883121232 583.10707958150306 309 205.5
71 PINHOLE 618 411 583.97837121784028 583.58205147397894 309 205.5
72 PINHOLE 618 411 582.5127406708566 584.29924692265865 309 205.5
73 PINHOLE 618 411 582.7623141280061 582.07953828416828 309 205.5
74 PINHOLE 618 411 582.26760174132323 582.50363998337309 309 205.5
75 PINHOLE 618 411 584.11874195751284 583.75436490116977 309 205.5
76 PINHOLE 618 411 581.37702794042946 581.60839640856943 309 205.5
77 PINHOLE 618 411 583.88863666238717 581.00126191370316 309 205.5
78 PINHOLE 618 411 581.36785325862979 581.65504345541399 309 205.5
79 PINHOLE 618 411 585.18668648236019 581.96839910731057 309 205.5
80 PINHOLE 618 411 583.18201683476889 583.50759221699957 309 205.5
81 PINHOLE 618 411 583.04760309075004 580.88658956331381 309 205.5
82 PINHOLE 618 411 581.63999023332792 582.18611970829534 309 205.5
83 PINHOLE 618 411 581.04444995247866 580.17275159901271 309 205.5
84 PINHOLE 618 411 582.25625479521977 583.53591043758991 309 205.5
85 PINHOLE 618 411 584.17883972196353 587.04553384378335 309 205.5
86 PINHOLE 618 411 581.67179885233111 585.8534685850276 309 205.5
87 PINHOLE 618 411 580.88078586176289 584.33404885752395 309 205.5
88 PINHOLE 618 411 578.99188045447931 585.35465766306334 309 205.5
89 PINHOLE 618 411 511.17965283572318 535.38038059986434 309 205.5
90 PINHOLE 618 411 509.70084658443619 530.51555929480389 309 205.5
91 PINHOLE 618 411 530.90072061677324 531.42661139415952 309 205.5
92 PINHOLE 618 411 534.74050560147714 535.58869079755812 309 205.5
93 PINHOLE 618 411 589.15895886231431 588.69184970280457 309 205.5
94 PINHOLE 618 411 537.34102335982277 525.05171118340297 309 205.5
95 PINHOLE 618 411 587.54468510253798 587.31907734309607 309 205.5
96 PINHOLE 618 411 587.426555952527 586.29942269546098 309 205.5
97 PINHOLE 618 411 585.02716683579365 584.13891449801952 309 205.5
98 PINHOLE 618 411 586.54503792429659 585.41708619434075 309 205.5
99 PINHOLE 618 411 584.659916504585 585.77212690792283 309 205.5
100 PINHOLE 618 411 583.10557949674285 583.16698362625311 309 205.5
101 PINHOLE 618 411 585.39988964766894 586.15390139150668 309 205.5
102 PINHOLE 618 411 582.78044214647934 585.0368269509222 309 205.5
103 PINHOLE 618 411 583.92240087949881 584.5520729233574 309 205.5
104 PINHOLE 618 411 582.34996238536439 584.83353651615482 309 205.5
105 PINHOLE 618 411 584.08211720746442 586.25337157070976 309 205.5
106 PINHOLE 618 411 582.51462050524606 584.04798907589202 309 205.5
107 PINHOLE 618 411 584.22625254610557 587.13669947718336 309 205.5
108 PINHOLE 618 411 583.68362901351429 584.91595045952022 309 205.5
109 PINHOLE 618 411 583.78766612874495 586.2498490788214 309 205.5
110 PINHOLE 618 411 582.84287113267931 585.02072422680874 309 205.5
111 PINHOLE 618 411 584.31890635787522 585.34881510626803 309 205.5
112 PINHOLE 618 411 582.14632374994017 583.34165297088214 309 205.5
113 PINHOLE 618 411 583.47279335429232 583.31345429011844 309 205.5
114 PINHOLE 618 411 582.44466310291955 583.96782830618588 309 205.5
115 PINHOLE 618 411 584.59548208565286 584.59194091959671 309 205.5
116 PINHOLE 618 411 581.63290747374913 582.22302822362326 309 205.5
117 PINHOLE 618 411 583.64761191381206 581.95263665030939 309 205.5
118 PINHOLE 618 411 582.38706122847213 582.08044500920926 309 205.5
119 PINHOLE 618 411 583.28147120053768 581.72586082027442 309 205.5
120 PINHOLE 618 411 582.70302698572834 583.69612658008543 309 205.5
121 PINHOLE 618 411 584.48146336858747 582.89631796181595 309 205.5
122 PINHOLE 618 411 582.6047251019894 582.72585375500944 309 205.5
123 PINHOLE 618 411 585.03887179167452 584.44166369432185 309 205.5
124 PINHOLE 618 411 582.19701212994812 584.22171501269725 309 205.5
125 PINHOLE 618 411 583.81543615666453 585.23430630097823 309 205.5
126 PINHOLE 618 411 581.95574711821666 583.87854093197268 309 205.5
127 PINHOLE 618 411 580.79933943594904 583.66687042619776 309 205.5
128 PINHOLE 618 411 578.63786854373484 584.37940020806377 309 205.5
129 PINHOLE 618 411 584.09264647499606 586.64955074494333 309 205.5
130 PINHOLE 618 411 522.97860951986638 540.07202353477066 309 205.5
131 PINHOLE 618 411 587.07918398429081 586.74373533797041 309 205.5
132 PINHOLE 618 411 558.22364884429612 553.01204654652383 309 205.5
133 PINHOLE 618 411 589.7046725229028 590.12199371541374 309 205.5
134 PINHOLE 618 411 587.7085322784269 587.53275489909004 309 205.5
135 PINHOLE 618 411 587.84283582800776 587.97796843444974 309 205.5
136 PINHOLE 618 411 584.79941841517314 585.48110719443662 309 205.5
137 PINHOLE 618 411 587.06473987455649 587.32142803063482 309 205.5
138 PINHOLE 618 411 584.05451328810761 585.5376874191943 309 205.5
139 PINHOLE 618 411 583.35221127812736 582.33936655674347 309 205.5
140 PINHOLE 618 411 583.75571716932927 586.24488785908909 309 205.5
141 PINHOLE 618 411 584.03780204571149 584.75463761997753 309 205.5
142 PINHOLE 618 411 583.72555671037287 586.2436377257053 309 205.5
143 PINHOLE 618 411 586.41643569628764 589.61199977241859 309 205.5
144 PINHOLE 618 411 582.72981069028185 586.46055198870886 309 205.5
145 PINHOLE 618 411 584.91921412115119 588.03730560173949 309 205.5
146 PINHOLE 618 411 584.01433499021618 587.03630375448665 309 205.5
147 PINHOLE 618 411 584.14981511950521 586.34258542557222 309 205.5
148 PINHOLE 618 411 583.45084191799424 587.52054079219158 309 205.5
149 PINHOLE 618 411 585.16476833587876 586.47443939369532 309 205.5
150 PINHOLE 618 411 582.92720260946339 584.37079313974232 309 205.5
151 PINHOLE 618 411 583.52227046506255 582.88971802219282 309 205.5
152 PINHOLE 618 411 582.98903230813789 583.78117151672257 309 205.5
153 PINHOLE 618 411 583.87463895916972 583.78858755094018 309 205.5
154 PINHOLE 618 411 583.12589601576826 584.18357465047916 309 205.5
155 PINHOLE 618 411 584.40856375826831 583.78453835587959 309 205.5
156 PINHOLE 618 411 582.64537402201574 583.29371658206549 309 205.5
157 PINHOLE 618 411 583.64379160362319 581.15438190897657 309 205.5
158 PINHOLE 618 411 582.56473001423592 584.04421918907451 309 205.5
159 PINHOLE 618 411 583.12089315838364 580.36975807406884 309 205.5
160 PINHOLE 618 411 582.6557235481265 583.15955803767076 309 205.5
161 PINHOLE 618 411 581.33604213684964 578.37042451493141 309 205.5
162 PINHOLE 618 411 582.86396317261438 582.78813386971922 309 205.5
163 PINHOLE 618 411 583.33431991720965 580.18067943924723 309 205.5
164 PINHOLE 618 411 584.08906543384387 582.93388465047894 309 205.5
165 PINHOLE 618 411 583.82417135148103 581.86636690010721 309 205.5
166 PINHOLE 618 411 583.17299165434258 583.47529072128555 309 205.5
167 PINHOLE 618 411 582.26464033488776 582.50805453723945 309 205.5
168 PINHOLE 618 411 582.36372872239372 584.19772904228194 309 205.5
169 PINHOLE 618 411 582.37034350237707 584.96788588736661 309 205.5
170 PINHOLE 618 411 580.27962391846984 586.62899717155187 309 205.5
171 PINHOLE 618 411 584.54303022314355 587.94603017823579 309 205.5
172 PINHOLE 618 411 580.95468046193389 586.37643661488596 309 205.5
173 PINHOLE 618 411 586.31941099016944 586.41538947643119 309 205.5
174 PINHOLE 618 411 587.24604806278307 588.5174080498432 309 205.5
175 PINHOLE 618 411 589.04801957283325 588.71775980893483 309 205.5
176 PINHOLE 618 411 586.35891169524371 586.97578835011461 309 205.5
177 PINHOLE 618 411 586.75957830987568 587.55745999948158 309 205.5
178 PINHOLE 618 411 585.61231919005661 586.78672740522586 309 205.5
179 PINHOLE 618 411 587.06420762975119 587.45676418968844 309 205.5
180 PINHOLE 618 411 583.01721219443857 587.00938693268893 309 205.5
181 PINHOLE 618 411 585.94382766707906 586.17915465201236 309 205.5
182 PINHOLE 618 411 585.41222532807365 586.08671521506812 309 205.5
183 PINHOLE 618 411 582.87679857013291 583.16983065484987 309 205.5
184 PINHOLE 618 411 581.30252037842172 580.05472337644346 309 205.5
185 PINHOLE 618 411 582.78288269871905 580.47770546813467 309 205.5
186 PINHOLE 618 411 582.98903264599801 580.45524230332569 309 205.5
187 PINHOLE 618 411 584.69047711256667 581.91765819440548 309 205.5
188 PINHOLE 618 411 584.06431298605935 582.00499007878238 309 205.5
189 PINHOLE 618 411 581.11422192715474 579.99062808571296 309 205.5
190 PINHOLE 618 411 580.11420907379591 580.71895412412698 309 205.5
191 PINHOLE 618 411 583.91714360870765 585.51489046988797 309 205.5
192 PINHOLE 618 411 588.11152285055346 588.31566911249627 309 205.5
193 PINHOLE 618 411 587.25153403194281 587.59450790592132 309 205.5
194 PINHOLE 618 411 585.88584573538253 585.63227199808375 309 205.5
