# Camera list with one line of data per camera:
#   CAMERA_ID, MODEL, WIDTH, HEIGHT, PARAMS[]
# Number of cameras: 173
1 PINHOLE 628 414 541.23905974104434 539.42099975094379 314 207
2 PINHOLE 628 414 540.69851818851805 540.32938857095996 314 207
3 PINHOLE 628 414 541.26782116429217 540.12346344052457 314 207
4 PINHOLE 628 414 540.99157274689333 539.36543567908336 314 207
5 PINHOLE 628 414 541.88175320089306 540.9041635329454 314 207
6 PINHOLE 628 414 541.48746461453823 539.73710904018969 314 207
7 PINHOLE 628 414 542.47238744108176 540.87648068927967 314 207
8 PINHOLE 628 414 541.31663029757976 540.34208124210079 314 207
9 PINHOLE 628 414 540.4120807818357 539.82732510434198 314 207
10 PINHOLE 628 414 540.8003204928176 540.32967390301587 314 207
11 PINHOLE 628 414 541.25089595414079 540.97010338862071 314 207
12 PINHOLE 628 414 540.8671691049534 541.61416984844834 314 207
13 PINHOLE 628 414 540.75053023363023 541.0803929426454 314 207
14 PINHOLE 628 414 540.82134406043099 540.73342440975625 314 207
15 PINHOLE 628 414 540.86511907257409 540.50726197274628 314 207
16 PINHOLE 628 414 540.72331909899299 541.51548102521281 314 207
17 PINHOLE 628 414 540.40114450864019 538.37019063938396 314 207
18 PINHOLE 628 414 540.31910466416207 539.88142909007013 314 207
19 PINHOLE 628 414 541.20288401959385 541.74865705104401 314 207
20 PINHOLE 628 414 540.87672128806207 541.32023654146769 314 207
21 PINHOLE 628 414 541.45493286738599 542.317163691009 314 207
22 PINHOLE 628 414 540.39782159006882 541.96502150364904 314 207
23 PINHOLE 628 414 540.37659372310668 540.05896676493228 314 207
24 PINHOLE 628 414 540.70257889176253 540.43585884112099 314 207
25 PINHOLE 628 414 541.75153361233561 541.32011508184871 314 207
26 PINHOLE 628 414 541.04302321345835 540.1531145850347 314 207
27 PINHOLE 628 414 542.70646017716751 542.421538930682 314 207
28 PINHOLE 628 414 542.26647181722547 541.98434051216566 314 207
29 PINHOLE 628 414 541.66927093612935 540.44550676247604 314 207
30 PINHOLE 628 414 541.13743381050097 541.70649897946407 314 207
31 PINHOLE 628 414 541.05884113226057 539.19305741036362 314 207
32 PINHOLE 628 414 539.97622293023187 540.38123360948453 314 207
33 PINHOLE 628 414 540.2231753338001 539.53409483217081 314 207
34 PINHOLE 628 414 540.48833843233558 540.66327761033529 314 207
35 PINHOLE 628 414 540.3675564571339 539.99314267959744 314 207
36 PINHOLE 628 414 541.05036084094331 541.83107201713324 314 207
37 PINHOLE 628 414 541.40294258734025 541.51989481298085 314 207
38 PINHOLE 628 414 540.90401156191717 541.60206410665546 314 207
39 PINHOLE 628 414 542.32477909410159 541.59625405498878 314 207
40 PINHOLE 628 414 540.2296215620961 539.82527210684975 314 207
41 PINHOLE 628 414 541.57017906869658 538.82799707063577 314 207
42 PINHOLE 628 414 540.95991875064135 539.86928907946185 314 207
43 PINHOLE 628 414 541.52014753697495 539.28162105844058 314 207
44 PINHOLE 628 414 542.15703926119761 540.63250824913291 314 207
45 PINHOLE 628 414 542.84788474604841 541.70007032233821 314 207
46 PINHOLE 628 414 541.40692460464629 540.97510659682291 314 207
47 PINHOLE 628 414 542.69899917329803 542.4567072600745 314 207
48 PINHOLE 628 414 541.13654437079072 541.16223550703648 314 207
49 PINHOLE 628 414 543.0963603000572 542.73535539348188 314 207
50 PINHOLE 628 414 541.74806788403521 541.17702023444895 314 207
51 PINHOLE 628 414 541.92940535426533 541.64242573616116 314 207
52 PINHOLE 628 414 541.76973719820546 543.04160134026063 314 207
53 PINHOLE 628 414 542.19330459465471 542.04029796053089 314 207
54 PINHOLE 628 414 541.31002180257178 541.98750813535207 314 207
55 PINHOLE 628 414 541.60800906186034 542.42715974209136 314 207
56 PINHOLE 628 414 540.92456560628489 542.52932707667333 314 207
57 PINHOLE 628 414 541.82974410214251 542.03486262097385 314 207
58 PINHOLE 628 414 541.33273559240638 541.67180269240157 314 207
59 PINHOLE 628 414 541.68997698839132 541.92879211942693 314 207
60 PINHOLE 628 414 541.17916017544826 542.01518980606522 314 207
61 PINHOLE 628 414 542.15188283665657 542.43187216741308 314 207
62 PINHOLE 628 414 541.79482159469842 542.83181425977284 314 207
63 PINHOLE 628 414 541.62890782462011 541.31698663303234 314 207
64 PINHOLE 628 414 541.38373453677195 541.53143088107947 314 207
65 PINHOLE 628 414 542.06119472432442 541.2667131423018 314 207
66 PINHOLE 628 414 540.97402806941477 540.71318717118152 314 207
67 PINHOLE 628 414 541.65789971107063 540.90744913335413 314 207
68 PINHOLE 628 414 541.18274134113392 541.40873331402747 314 207
69 PINHOLE 628 414 541.93549515113011 541.67992503656683 314 207
70 PINHOLE 628 414 541.21512571164021 541.69916131837533 314 207
71 PINHOLE 628 414 541.16183105842424 542.04597602741092 314 207
72 PINHOLE 628 414 540.51743283421547 541.34628025673942 314 207
73 PINHOLE 628 414 541.57936074283373 541.61482325690963 314 207
74 PINHOLE 628 414 541.26848146439056 541.91166642798419 314 207
75 PINHOLE 628 414 541.28630588583917 540.68604988145012 314 207
76 PINHOLE 628 414 541.1102804756805 541.93257536791111 314 207
77 PINHOLE 628 414 541.8649625643709 541.1677440191819 314 207
78 PINHOLE 628 414 540.83913280050376 541.58602395389937 314 207
79 PINHOLE 628 414 542.90464116489045 542.33606183188601 314 207
80 PINHOLE 628 414 541.74241316318887 541.49057836567897 314 207
81 PINHOLE 628 414 543.52137378041425 541.76435075056133 314 207
82 PINHOLE 628 414 541.43629904332829 540.8425417065381 314 207
83 PINHOLE 628 414 543.229568489489 541.90857628355036 314 207
84 PINHOLE 628 414 540.74486088396748 540.01250089548626 314 207
85 PINHOLE 628 414 542.88438045107659 541.20237491954458 314 207
86 PINHOLE 628 414 541.61328838399891 540.9475550558119 314 207
87 PINHOLE 628 414 542.60297511437443 540.7618502941084 314 207
88 PINHOLE 628 414 542.08299352058202 541.53784489867564 314 207
89 PINHOLE 628 414 542.96743500377397 540.63572202499233 314 207
90 PINHOLE 628 414 542.5160686411291 541.18332025968698 314 207
91 PINHOLE 628 414 542.5603185958696 540.9081494066337 314 207
92 PINHOLE 628 414 541.97558349554652 540.79859338467827 314 207
93 PINHOLE 628 414 544.19977617790698 542.99304479733291 314 207
94 PINHOLE 628 414 542.18446039823857 542.46758164646303 314 207
95 PINHOLE 628 414 543.41094990052227 542.21735853851033 314 207
96 PINHOLE 628 414 541.15853423794431 541.09355860906885 314 207
97 PINHOLE 628 414 542.98030764989596 542.62941211192606 314 207
98 PINHOLE 628 414 542.02952739349575 542.50132740593858 314 207
99 PINHOLE 628 414 542.64248561879356 542.55067670973494 314 207
100 PINHOLE 628 414 541.44206944770508 542.04413601201907 314 207
101 PINHOLE 628 414 542.8953742491617 543.03606754313626 314 207
102 PINHOLE 628 414 542.0214417793195 542.55255464933737 314 207
103 PINHOLE 628 414 544.29526081198526 544.85910353005556 314 207
104 PINHOLE 628 414 540.76277882190266 541.79614779053315 314 207
105 PINHOLE 628 414 543.61268792704686 543.21722007083804 314 207
106 PINHOLE 628 414 541.93405556324649 541.95534354118888 314 207
107 PINHOLE 628 414 543.3779971328272 541.70093206509034 314 207
108 PINHOLE 628 414 540.85133326472828 540.98184653017267 314 207
109 PINHOLE 628 414 543.41505408223986 541.91415349168335 314 207
110 PINHOLE 628 414 541.00139935148445 540.7787352285518 314 207
111 PINHOLE 628 414 543.92235609789873 544.87017650296821 314 207
112 PINHOLE 628 414 542.00715931503339 542.77838937197555 314 207
113 PINHOLE 628 414 543.16409627087364 542.26517650519929 314 207
114 PINHOLE 628 414 541.24833591988136 541.97400863998689 314 207
115 PINHOLE 628 414 542.72114553602057 541.06895539906895 314 207
116 PINHOLE 628 414 541.63757233978686 540.89247398040084 314 207
117 PINHOLE 628 414 543.30794968462976 543.79427781647166 314 207
118 PINHOLE 628 414 541.53436582677523 541.64535266864254 314 207
119 PINHOLE 628 414 543.20021972938503 540.98151453935054 314 207
120 PINHOLE 628 414 542.08002521336402 541.29721450186128 314 207
121 PINHOLE 628 414 542.79740235899214 540.8921418216147 314 207
122 PINHOLE 628 414 540.94358698707231 540.75088012114531 314 207
123 PINHOLE 628 414 542.75032373162696 540.39855337426116 314 207
124 PINHOLE 628 414 540.87887568224789 540.99389208083096 314 207
125 PINHOLE 628 414 542.49397190648131 540.496437722064 314 207
126 PINHOLE 628 414 541.01096193736134 540.18384867459122 314 207
127 PINHOLE 628 414 542.90875105607654 540.68206492734271 314 207
128 PINHOLE 628 414 540.32816952683572 539.83218525218069 314 207
129 PINHOLE 628 414 543.40337104701507 542.65227769856142 314 207
130 PINHOLE 628 414 541.46311518808659 541.39824355060841 314 207
131 PINHOLE 628 414 542.9123257219369 541.20594070009918 314 207
132 PINHOLE 628 414 541.72458143735491 541.89729499697364 314 207
133 PINHOLE 628 414 543.5567073220293 542.71677868466315 314 207
134 PINHOLE 628 414 540.88085358470857 542.47024724991047 314 207
135 PINHOLE 628 414 542.42389107311737 540.72278100058793 314 207
136 PINHOLE 628 414 541.04255101973592 542.51788026410918 314 207
137 PINHOLE 628 414 542.91261432032331 541.00749978787076 314 207
138 PINHOLE 628 414 541.06849444866259 541.79387506173202 314 207
139 PINHOLE 628 414 543.85766079791722 543.35446184592718 314 207
140 PINHOLE 628 414 540.14472237584926 540.9209633275135 314 207
141 PINHOLE 628 414 543.46679234158125 543.87591989864688 314 207
142 PINHOLE 628 414 541.1895452160993 542.60157616997162 314 207
143 PINHOLE 628 414 543.2261860967742 542.74107512224919 314 207
144 PINHOLE 628 414 540.26372720492986 541.69093168105655 314 207
145 PINHOLE 628 414 542.96227952755271 541.08100271024387 314 207
146 PINHOLE 628 414 540.48254536047159 541.32439214329122 314 207
147 PINHOLE 628 414 543.07704475487606 540.9967056149469 314 207
148 PINHOLE 628 414 540.65099711316236 541.01504384749842 314 207
149 PINHOLE 628 414 543.26112590138382 543.55432203569478 314 207
150 PINHOLE 628 414 541.21111794493413 541.7116575772003 314 207
151 PINHOLE 628 414 542.43734514046832 541.9774262464216 314 207
152 PINHOLE 628 414 540.73207363059112 541.48491083477302 314 207
153 PINHOLE 628 414 542.34814690857456 540.37978436600793 314 207
154 PINHOLE 628 414 540.83986969174839 540.77487172772749 314 207
155 PINHOLE 628 414 542.72355628448031 543.07176999838214 314 207
156 PINHOLE 628 414 540.16972878151262 540.80429977148572 314 207
157 PINHOLE 628 414 542.65755439940642 540.49312767381571 314 207
158 PINHOLE 628 414 540.64295335569989 541.11249356216479 314 207
159 PINHOLE 628 414 542.76094964583638 541.39422986157126 314 207
160 PINHOLE 628 414 541.75828651437268 540.79391336002197 314 207
161 PINHOLE 628 414 542.13011561428175 539.62002352937361 314 207
162 PINHOLE 628 414 543.68715404737236 543.90836388212983 314 207
163 PINHOLE 628 414 543.21709972927829 544.58972544142978 314 207
164 PINHOLE 628 414 541.94204469169995 540.25522682385918 314 207
165 PINHOLE 628 414 543.08115202398449 542.32198675766119 314 207
166 PINHOLE 628 414 543.49248051775839 544.61935326787534 314 207
167 PINHOLE 628 414 542.28390418726042 540.53244436876082 314 207
168 PINHOLE 628 414 543.34672654717724 540.93122303761186 314 207
169 PINHOLE 628 414 543.33760487635732 543.65738497037773 314 207
170 PINHOLE 628 414 543.24691009297385 542.9269680986605 314 207
171 PINHOLE 628 414 543.02228409745362 541.90974501611015 314 207
172 PINHOLE 628 414 542.39144125483404 541.35561424453533 314 207
173 PINHOLE 628 414 542.68873726637719 541.97913167702734 314 207
