# Camera list with one line of data per camera:
#   CAMERA_ID, MODEL, WIDTH, HEIGHT, PARAMS[]
# Number of cameras: 292
1 PINHOLE 390 260 368.4224737825848 294.88428106279474 195 130
2 PINHOLE 390 260 367.85957739544614 298.31761236254005 195 130
3 PINHOLE 390 260 365.91956579486475 302.97551362490452 195 130
4 PINHOLE 390 260 363.39587895407982 305.94061458335324 195 130
5 PINHOLE 390 260 360.10723576286676 307.64598377596997 195 130
6 PINHOLE 390 260 357.16576329490397 306.89613015950977 195 130
7 PINHOLE 390 260 356.4813461307773 312.54021398889176 195 130
8 PINHOLE 390 260 355.59356446476795 318.64366125946833 195 130
9 PINHOLE 390 260 355.41783185999719 323.16617558196498 195 130
10 PINHOLE 390 260 354.56770180222708 326.27383583334853 195 130
11 PINHOLE 390 260 354.18188724591204 329.23338256028694 195 130
12 PINHOLE 390 260 356.08371196841529 327.64243630181534 195 130
13 PINHOLE 390 260 357.69794558940089 325.11289405456893 195 130
14 PINHOLE 390 260 358.86513423029123 320.44313203869984 195 130
15 PINHOLE 390 260 358.64479944762616 312.98628228263232 195 130
16 PINHOLE 390 260 358.76393039897198 307.1401396583571 195 130
17 PINHOLE 390 260 361.21465047563476 306.34793990663087 195 130
18 PINHOLE 390 260 364.85547622456806 306.91018033052973 195 130
19 PINHOLE 390 260 366.83314311546519 305.18594389707283 195 130
20 PINHOLE 390 260 367.93606673840679 300.71824440291698 195 130
21 PINHOLE 390 260 371.07140594269225 304.27722957226149 195 130
22 PINHOLE 390 260 370.78453449193262 302.79967623609429 195 130
23 PINHOLE 390 260 372.38142338006355 303.29757423274805 195 130
24 PINHOLE 390 260 372.12194917796643 303.7741619942683 195 130
25 PINHOLE 390 260 368.36700158550593 301.73118707374027 195 130
26 PINHOLE 390 260 365.68740911592204 297.28194878048186 195 130
27 PINHOLE 390 260 363.75852963516189 300.36390530182859 195 130
28 PINHOLE 390 260 362.0169121399706 303.54892786512369 195 130
29 PINHOLE 390 260 359.91631748896174 306.20892791585499 195 130
30 PINHOLE 390 260 357.89693009008784 308.33836885753414 195 130
31 PINHOLE 390 260 357.76889247116821 313.39932642365937 195 130
32 PINHOLE 390 260 357.80231345480183 318.04144304207432 195 130
33 PINHOLE 390 260 356.3325193571248 320.6560234379142 195 130
34 PINHOLE 390 260 356.22075618227962 325.02320939038276 195 130
35 PINHOLE 390 260 358.9193204612609 328.13896533944023 195 130
36 PINHOLE 390 260 362.34279085743157 328.34852477752196 195 130
37 PINHOLE 390 260 364.53719330679479 325.30979584151856 195 130
38 PINHOLE 390 260 365.86450783469849 321.08105721220591 195 130
39 PINHOLE 390 260 368.27177313203589 319.02153202111475 195 130
40 PINHOLE 390 260 369.54597904445114 315.29308805417367 195 130
41 PINHOLE 390 260 369.39466150150258 312.10140626560462 195 130
42 PINHOLE 390 260 367.19083707635821 306.32806650878928 195 130
43 PINHOLE 390 260 366.05187541322482 300.62704578253494 195 130
44 PINHOLE 390 260 366.06829898477713 296.80659590250087 195 130
45 PINHOLE 390 260 366.43954314947126 293.49913136434549 195 130
46 PINHOLE 390 260 366.36087917976545 290.08620720050232 195 130
47 PINHOLE 390 260 366.56672248897343 288.64018703516848 195 130
48 PINHOLE 390 260 367.94772294225572 291.70473107640879 195 130
49 PINHOLE 390 260 367.1343101086141 293.32047815589425 195 130
50 PINHOLE 390 260 365.31040166393183 295.40345040206864 195 130
51 PINHOLE 390 260 363.78196759542698 297.49852388368731 195 130
52 PINHOLE 390 260 364.09786628302788 301.86390819443125 195 130
53 PINHOLE 390 260 366.17360636804602 306.55222669014961 195 130
54 PINHOLE 390 260 366.46556997244534 309.8904103125526 195 130
55 PINHOLE 390 260 366.10387289872568 314.42086082605715 195 130
56 PINHOLE 390 260 364.02976526467677 316.28065445426245 195 130
57 PINHOLE 390 260 363.35823769460569 317.87577420301147 195 130
58 PINHOLE 390 260 363.67767083871189 321.93608433221254 195 130
59 PINHOLE 390 260 374.21868180132213 289.30596801053821 195 130
60 PINHOLE 390 260 366.20330805573684 324.03234572941778 195 130
61 PINHOLE 390 260 389.44645664892147 286.5852620726871 195 130
62 PINHOLE 390 260 367.47277218167812 316.92866461118786 195 130
63 PINHOLE 390 260 368.06037724002232 314.59170688472585 195 130
64 PINHOLE 390 260 366.91759137971252 310.37208079184774 195 130
65 PINHOLE 390 260 366.3680039398443 306.12536315800332 195 130
66 PINHOLE 390 260 368.13171623472033 303.55906082309167 195 130
67 PINHOLE 390 260 370.35189672687142 301.87707279245893 195 130
68 PINHOLE 390 260 372.78798065412946 299.17675387589361 195 130
69 PINHOLE 390 260 375.20838473462118 295.96297298543516 195 130
70 PINHOLE 390 260 376.75545248831048 292.09471236041304 195 130
71 PINHOLE 390 260 377.41897330429833 298.78543664971426 195 130
72 PINHOLE 390 260 378.03121396529042 301.41595931943982 195 130
73 PINHOLE 390 260 376.34856085313004 301.98105992466884 195 130
74 PINHOLE 390 260 318.06409951459602 282.80504606501034 195 130
75 PINHOLE 390 260 318.43975335884073 287.52508454436384 195 130
76 PINHOLE 390 260 319.28112556360804 292.23602139874083 195 130
77 PINHOLE 390 260 321.48844120067736 296.58886313252833 195 130
78 PINHOLE 390 260 326.90871561503553 305.37676200272711 195 130
79 PINHOLE 390 260 329.89247171469242 315.16193476216364 195 130
80 PINHOLE 390 260 327.98069332331045 317.99690007740406 195 130
81 PINHOLE 390 260 322.21896055266006 315.73561999015959 195 130
82 PINHOLE 390 260 322.16573367071868 316.70397205160162 195 130
83 PINHOLE 390 260 316.93983435400281 310.74316575996846 195 130
84 PINHOLE 390 260 320.79330418895603 308.34027984530843 195 130
85 PINHOLE 390 260 316.41940191699962 302.24985293532177 195 130
86 PINHOLE 390 260 311.19142874059753 295.32969441340367 195 130
87 PINHOLE 390 260 312.42592881672203 291.54661797582582 195 130
88 PINHOLE 390 260 312.09408133461778 286.58123622523487 195 130
89 PINHOLE 390 260 311.23219172020794 281.78290301658535 195 130
90 PINHOLE 390 260 313.01480911438313 275.83403258833215 195 130
91 PINHOLE 390 260 304.87108902098925 275.50700283091584 195 130
92 PINHOLE 390 260 300.7234646548518 273.88126342044802 195 130
93 PINHOLE 390 260 304.6715467163271 275.8612042697643 195 130
94 PINHOLE 390 260 284.51941385391467 263.03835246703539 195 130
95 PINHOLE 390 260 284.40887723409594 283.0079928976632 195 130
96 PINHOLE 390 260 364.66427439103023 329.22349090807307 195 130
97 PINHOLE 390 260 363.33684351048822 326.78528149807659 195 130
98 PINHOLE 390 260 338.83517274864232 291.71873247372088 195 130
99 PINHOLE 390 260 340.16876905394258 281.42893912202925 195 130
100 PINHOLE 390 260 336.48576618425187 282.02249305910811 195 130
101 PINHOLE 390 260 335.01975770965043 283.24276187864461 195 130
102 PINHOLE 390 260 336.84569853261576 287.2575579037171 195 130
103 PINHOLE 390 260 338.3132578973898 292.82114874016713 195 130
104 PINHOLE 390 260 338.41171700649835 295.63374171085832 195 130
105 PINHOLE 390 260 339.71340286426141 300.05450983729395 195 130
106 PINHOLE 390 260 340.18783685413507 306.0652767238106 195 130
107 PINHOLE 390 260 339.15528181335554 311.23243246757977 195 130
108 PINHOLE 390 260 337.99653602773526 314.41700446880333 195 130
109 PINHOLE 390 260 338.22870701482174 318.71437904031865 195 130
110 PINHOLE 390 260 337.58287007244246 317.0260666205881 195 130
111 PINHOLE 390 260 339.33412554593838 313.52198567282534 195 130
112 PINHOLE 390 260 341.41876572303141 308.09791090786052 195 130
113 PINHOLE 390 260 345.26407475656902 303.71997045466435 195 130
114 PINHOLE 390 260 345.16176751026592 299.06281171961899 195 130
115 PINHOLE 390 260 344.36172892337117 295.42867559742132 195 130
116 PINHOLE 390 260 345.63160401462937 298.59124884136327 195 130
117 PINHOLE 390 260 350.14776120063073 295.87583354141805 195 130
118 PINHOLE 390 260 350.7958395030459 297.96137166198326 195 130
119 PINHOLE 390 260 349.18704606034993 295.8693507604072 195 130
120 PINHOLE 390 260 347.12271485494523 291.0636300027785 195 130
121 PINHOLE 390 260 356.05338869852767 296.7767995942055 195 130
122 PINHOLE 390 260 364.28073409650733 299.91416547829226 195 130
123 PINHOLE 390 260 357.81065393774912 297.77298184896102 195 130
124 PINHOLE 390 260 355.25228377071085 295.1798449348621 195 130
125 PINHOLE 390 260 375.45993622338392 313.34244165626956 195 130
126 PINHOLE 390 260 368.42579115143417 306.05280560034362 195 130
127 PINHOLE 390 260 337.06649241818224 274.27621642966233 195 130
128 PINHOLE 390 260 336.79892180834611 278.75484582649528 195 130
129 PINHOLE 390 260 336.82076194023824 280.54307078458015 195 130
130 PINHOLE 390 260 342.80607742463627 286.798587450497 195 130
131 PINHOLE 390 260 343.60117514831222 302.84287456624816 195 130
132 PINHOLE 390 260 349.59038896845374 303.99049945360809 195 130
133 PINHOLE 390 260 352.28717283073956 312.67538101228945 195 130
134 PINHOLE 390 260 353.36049348041416 319.04355713359524 195 130
135 PINHOLE 390 260 353.35395225023819 323.0273852188426 195 130
136 PINHOLE 390 260 353.97737579487625 327.85948225650174 195 130
137 PINHOLE 390 260 356.07342636810802 328.04955293334825 195 130
138 PINHOLE 390 260 358.09730454839718 324.87345200308232 195 130
139 PINHOLE 390 260 358.67030492825495 319.86541003176995 195 130
140 PINHOLE 390 260 357.87766871350698 311.13084740128875 195 130
141 PINHOLE 390 260 357.72172743202128 304.07735802716979 195 130
142 PINHOLE 390 260 359.48049045724923 298.95865727740454 195 130
143 PINHOLE 390 260 359.91292656215882 294.82254404897583 195 130
144 PINHOLE 390 260 359.74998995397021 292.21220198928825 195 130
145 PINHOLE 390 260 358.96255551664262 288.25677247075595 195 130
146 PINHOLE 390 260 359.20988883222157 288.10496723214914 195 130
147 PINHOLE 390 260 358.07856577704325 284.09185336803176 195 130
148 PINHOLE 390 260 303.95606928224009 286.52588554972868 195 130
149 PINHOLE 390 260 308.51217377345557 277.08930984445618 195 130
150 PINHOLE 390 260 342.41362117138937 288.28164503094405 195 130
151 PINHOLE 390 260 62.210379856338761 103.54730385639135 195 130
152 PINHOLE 390 260 57.574267582672356 102.57179597086345 195 130
153 PINHOLE 390 260 55.381043145774747 102.40728667619554 195 130
154 PINHOLE 390 260 50.531720939860698 98.63565889643705 195 130
155 PINHOLE 390 260 349.57356957226853 285.74440510185315 195 130
156 PINHOLE 390 260 350.2647217211121 287.87073005319041 195 130
157 PINHOLE 390 260 351.24487499209999 292.2785321484277 195 130
158 PINHOLE 390 260 351.76915288980075 293.5573893157794 195 130
159 PINHOLE 390 260 351.40415721828958 295.38088982758427 195 130
160 PINHOLE 390 260 350.2826975773055 296.01926273678305 195 130
161 PINHOLE 390 260 348.13574558847881 296.14395069484237 195 130
162 PINHOLE 390 260 347.79113511677139 296.10825152379925 195 130
163 PINHOLE 390 260 347.46678870475654 295.2677769743301 195 130
164 PINHOLE 390 260 352.16961404779653 295.31464704077132 195 130
165 PINHOLE 390 260 358.26953964191614 299.35372747075962 195 130
166 PINHOLE 390 260 356.47579114298389 287.17774933159404 195 130
167 PINHOLE 390 260 356.95278682529772 285.28375129161969 195 130
168 PINHOLE 390 260 357.03649616336719 284.52275876748746 195 130
169 PINHOLE 390 260 358.88451022515983 283.07251637732355 195 130
170 PINHOLE 390 260 360.25306964125474 281.18186613977264 195 130
171 PINHOLE 390 260 361.93908427033159 280.05915798181826 195 130
172 PINHOLE 390 260 363.43372813721351 278.60963324082593 195 130
173 PINHOLE 390 260 364.49922556247787 277.11920597435108 195 130
174 PINHOLE 390 260 365.57859812083376 275.15613081548224 195 130
175 PINHOLE 390 260 365.97110873188234 274.03590769152936 195 130
176 PINHOLE 390 260 363.97288336824158 272.96551275229825 195 130
177 PINHOLE 390 260 610.79373407669448 504.92404240118606 195 130
178 PINHOLE 390 260 365.13907707871374 294.60930357493589 195 130
179 PINHOLE 390 260 364.69041488695348 295.73707217355309 195 130
180 PINHOLE 390 260 363.1260279728163 294.53489245247641 195 130
181 PINHOLE 390 260 362.07815367376446 293.18063369483878 195 130
182 PINHOLE 390 260 358.83147664495812 290.67431000796938 195 130
183 PINHOLE 390 260 358.76822729402079 294.60285599205577 195 130
184 PINHOLE 390 260 359.52370482497355 298.70701598720365 195 130
185 PINHOLE 390 260 361.11005644801776 303.59185432032172 195 130
186 PINHOLE 390 260 504.70132479484539 488.10792275785826 195 130
187 PINHOLE 390 260 357.09306385503942 307.61218323993535 195 130
188 PINHOLE 390 260 354.18734993867668 308.92633855101508 195 130
189 PINHOLE 390 260 350.5568188811589 308.02891930235 195 130
190 PINHOLE 390 260 353.81088331364845 308.6663335365572 195 130
191 PINHOLE 390 260 353.33607742519456 306.03370459453134 195 130
192 PINHOLE 390 260 366.6710807695452 351.89915509501668 195 130
193 PINHOLE 390 260 366.18475025127458 345.01025890792573 195 130
194 PINHOLE 390 260 365.14811188994838 339.1347287241411 195 130
195 PINHOLE 390 260 366.09097381561122 337.71788412182633 195 130
196 PINHOLE 390 260 365.54840429927481 333.59233902726658 195 130
197 PINHOLE 390 260 365.22218376274844 328.01887399212501 195 130
198 PINHOLE 390 260 363.60803070310851 322.85822339772835 195 130
199 PINHOLE 390 260 365.0883901751356 320.32376106022804 195 130
200 PINHOLE 390 260 364.20929598883214 317.92135655103056 195 130
201 PINHOLE 390 260 364.43071509497076 320.28929107528216 195 130
202 PINHOLE 390 260 365.674536616235 320.02859313649486 195 130
203 PINHOLE 390 260 367.61565690048195 326.20156260916093 195 130
204 PINHOLE 390 260 367.90040194651272 329.01462048999724 195 130
205 PINHOLE 390 260 368.23723755031688 332.5402747282667 195 130
206 PINHOLE 390 260 368.84652279941008 333.8898392914947 195 130
207 PINHOLE 390 260 368.97606251035899 339.1170251138085 195 130
208 PINHOLE 390 260 369.26581420493102 344.1148284245225 195 130
209 PINHOLE 390 260 368.08477242967564 343.78571428793379 195 130
210 PINHOLE 390 260 367.2761145549423 346.91412622633311 195 130
211 PINHOLE 390 260 366.72781384147157 348.93865900975118 195 130
212 PINHOLE 390 260 366.72055877889096 350.31865784096635 195 130
213 PINHOLE 390 260 367.83456438582954 351.84002865956626 195 130
214 PINHOLE 390 260 370.30943553100485 353.47833756642808 195 130
215 PINHOLE 390 260 371.765885762545 351.44965300043015 195 130
216 PINHOLE 390 260 372.31170868309988 348.13280827416088 195 130
217 PINHOLE 390 260 373.06609584334973 346.01235385692962 195 130
218 PINHOLE 390 260 372.59032265716706 342.3384056344222 195 130
219 PINHOLE 390 260 372.55413297324856 337.18765507944624 195 130
220 PINHOLE 390 260 372.47505861485661 333.74623145363773 195 130
221 PINHOLE 390 260 371.56982064341167 329.9666728162905 195 130
222 PINHOLE 390 260 371.58215915545236 326.84308774952365 195 130
223 PINHOLE 390 260 372.53757479685669 325.07168491492757 195 130
224 PINHOLE 390 260 371.68049790326256 322.27431121312679 195 130
225 PINHOLE 390 260 372.47164307201916 321.65949414908602 195 130
226 PINHOLE 390 260 374.53357367893199 321.60244104426999 195 130
227 PINHOLE 390 260 374.57114620029762 325.27972286932066 195 130
228 PINHOLE 390 260 373.57870122695493 327.76455067929447 195 130
229 PINHOLE 390 260 372.08905375664273 330.55453019444855 195 130
230 PINHOLE 390 260 371.29693968328542 332.67237333883924 195 130
231 PINHOLE 390 260 370.83720612528572 333.88670795304142 195 130
232 PINHOLE 390 260 370.50543842413168 335.60403750914247 195 130
233 PINHOLE 390 260 369.7845325635696 338.0662184685267 195 130
234 PINHOLE 390 260 368.87780859451783 339.62985615549115 195 130
235 PINHOLE 390 260 368.68986632658516 342.72424336427781 195 130
236 PINHOLE 390 260 368.23997552355797 346.46189566411493 195 130
237 PINHOLE 390 260 368.17726519022102 347.45735063564268 195 130
238 PINHOLE 390 260 368.88524064567707 345.77294808498311 195 130
239 PINHOLE 390 260 369.18835049352737 343.61603500504992 195 130
240 PINHOLE 390 260 369.30306614122378 340.21056020688712 195 130
241 PINHOLE 390 260 368.74863835972639 337.19634230526219 195 130
242 PINHOLE 390 260 368.02662966529772 333.91629166594612 195 130
243 PINHOLE 390 260 368.29561697426016 329.63123949193982 195 130
244 PINHOLE 390 260 368.26207643137286 325.84934611465775 195 130
245 PINHOLE 390 260 367.70772753950115 322.18011566382802 195 130
246 PINHOLE 390 260 368.50583977064048 319.33903511505036 195 130
247 PINHOLE 390 260 368.40947060871929 315.62417211781485 195 130
248 PINHOLE 390 260 370.13860891366863 312.71880400350358 195 130
249 PINHOLE 390 260 371.3604449870387 310.63449735662033 195 130
250 PINHOLE 390 260 370.85982801779016 315.52147482712877 195 130
251 PINHOLE 390 260 371.6728891764829 320.32680258903122 195 130
252 PINHOLE 390 260 369.97269000849457 323.69508785901769 195 130
253 PINHOLE 390 260 368.74701394199838 324.14508262939506 195 130
254 PINHOLE 390 260 367.75014222992786 326.02868740793349 195 130
255 PINHOLE 390 260 366.97679592703923 328.54247779087649 195 130
256 PINHOLE 390 260 366.03571889018201 331.33223007714668 195 130
257 PINHOLE 390 260 364.3574653718178 333.07950856894178 195 130
258 PINHOLE 390 260 362.68911090586727 333.92804612795038 195 130
259 PINHOLE 390 260 361.14989072229235 336.23142381000463 195 130
260 PINHOLE 390 260 360.07281895691722 336.58323152270441 195 130
261 PINHOLE 390 260 361.4625457142015 335.00416114645463 195 130
262 PINHOLE 390 260 363.69691519365978 333.69358081437929 195 130
263 PINHOLE 390 260 365.08163732516778 331.91603079400011 195 130
264 PINHOLE 390 260 365.89084655932692 329.02173329543302 195 130
265 PINHOLE 390 260 367.02043870629916 327.04196448135508 195 130
266 PINHOLE 390 260 369.05344663845341 324.78616889829249 195 130
267 PINHOLE 390 260 369.93610964492325 321.74074364773611 195 130
268 PINHOLE 390 260 371.00860395857927 317.19548847657586 195 130
269 PINHOLE 390 260 374.06541478013338 315.19350277001155 195 130
270 PINHOLE 390 260 375.70654353778286 312.73792980961139 195 130
271 PINHOLE 390 260 375.94360143609464 312.07291547016001 195 130
272 PINHOLE 390 260 377.14602286299311 311.91683439428624 195 130
273 PINHOLE 390 260 376.78377723809132 312.90382274180962 195 130
274 PINHOLE 390 260 374.73938302975307 315.49346881085035 195 130
275 PINHOLE 390 260 372.63564119841107 317.17897078590022 195 130
276 PINHOLE 390 260 371.27811912386534 320.18521203258382 195 130
277 PINHOLE 390 260 369.90039875138638 324.57609791232943 195 130
278 PINHOLE 390 260 368.63558510146072 328.7893203500854 195 130
279 PINHOLE 390 260 367.78313785351969 334.27004269578555 195 130
280 PINHOLE 390 260 367.31885426672358 339.10014853584948 195 130
281 PINHOLE 390 260 364.36786855743242 340.28993694457358 195 130
282 PINHOLE 390 260 361.56334710563107 341.04056939423714 195 130
283 PINHOLE 390 260 358.50099977524815 341.5858407761807 195 130
284 PINHOLE 390 260 358.68597581727073 343.40434510413803 195 130
285 PINHOLE 390 260 359.89652153831531 347.08353735538242 195 130
286 PINHOLE 390 260 360.64453479073927 347.77452242606626 195 130
287 PINHOLE 390 260 362.55232315872559 349.37907212997789 195 130
288 PINHOLE 390 260 364.6761521821789 350.38438336930648 195 130
289 PINHOLE 390 260 366.48019408884187 352.86649342047997 195 130
290 PINHOLE 390 260 368.77854505074089 355.92082639256193 195 130
291 PINHOLE 390 260 370.53597192880136 358.1718714371699 195 130
292 PINHOLE 390 260 370.33163926086019 359.03191011825265 195 130
